4.160706|0.803348
4.161294|0.714580
4.159489|0.530501
4.160305|0.688986
4.158784|0.684429
4.160232|0.361457
4.159770|0.545958
4.158536|0.404036
4.159195|0.646666
4.159445|0.664179
4.159173|0.456516
4.159585|0.631514
4.159546|0.459305
4.158052|0.427314
4.158022|0.441511
4.158106|0.473785
4.158731|0.189305
4.157732|0.365874
4.156968|0.247591
4.157521|0.578019
4.157954|0.546918
4.158243|0.637635
4.157467|0.657430
4.157798|0.619162
4.157946|0.463616
4.156966|0.808892
4.156114|0.678323
4.158042|0.403989
4.157570|0.727436
4.156598|0.572419
4.156931|0.902100
4.156693|0.707265
4.158605|0.685609
4.156503|0.873699
4.156641|0.659161
4.157764|0.527946
4.155306|0.593969
4.155061|0.690138
4.155885|0.376620
4.156171|0.425138
4.153653|0.254124
4.154681|0.818782
4.154981|0.591259
4.157063|0.510198
4.149917|0.543435
4.149662|0.371840
4.156570|0.526028
4.145244|0.361892
4.150939|0.594127
4.143097|0.185794
4.154036|0.273928
4.138620|0.137617
4.142448|0.687985
4.141466|0.415043
4.154615|0.497261
4.135953|0.393728
4.138719|0.175901
4.156243|0.208126
4.135152|0.195287
4.135090|0.288456
4.137410|0.073944
4.150152|0.116103
4.136109|0.049821
4.139173|0.419118
4.131640|0.281848
4.148604|0.336447
4.134359|0.351038
4.135694|0.140774
4.154784|0.249741
4.132509|0.216494
4.128445|0.242015
4.133241|0.062600
4.144426|0.235060
4.134580|0.053480
4.137388|0.438208
4.129096|0.329661
4.141063|0.451789
4.132637|0.439594
4.129109|0.101773
4.150106|0.139364
4.128487|0.123974
4.120529|0.118369
4.125768|0.079036
4.136086|0.054203
4.131672|0.021241
4.135913|0.219906
4.117631|0.157549
4.133629|0.218902
4.130088|0.373709
4.122768|0.042784
4.134236|0.079769
4.124625|0.074148
4.112611|0.050668
4.118832|0.023995
4.127813|0.054925
4.127511|0.014388
4.132915|0.208389
4.106597|0.165985
4.128209|0.356411
4.124242|0.284427
4.112762|0.041980
4.128104|0.159065
4.121128|0.092089
4.103154|0.112713
4.108235|0.035314
4.119091|0.069658
4.123390|0.096801
4.129534|0.437727
4.102000|0.225009
4.123705|0.336470
4.121256|0.331504
4.107881|0.060118
4.123330|0.209532
4.118396|0.074031
4.097411|0.107311
4.102381|0.067975
4.113607|0.060023
4.118947|0.164350
4.127897|0.261012
4.098018|0.308695
4.119406|0.238014
4.118066|0.236872
4.101748|0.045058
4.119013|0.171945
4.115057|0.039223
4.092232|0.045275
4.095134|0.035234
4.109514|0.043460
4.112304|0.136095
4.124854|0.202389
4.093894|0.212325
4.113453|0.162693
4.112960|0.144626
4.096008|0.024532
4.110402|0.134738
4.110256|0.029659
4.085196|0.034484
4.085300|0.029654
4.105394|0.031227
4.102095|0.128935
4.120413|0.248302
4.089216|0.249965
4.103458|0.202046
4.106598|0.092390
4.089102|0.053873
4.097998|0.086902
4.105781|0.058621
4.079366|0.035310
4.072648|0.085786
4.102371|0.026889
4.090821|0.020940
4.116272|0.215634
4.082663|0.102993
4.093791|0.162022
4.101785|0.349034
4.083574|0.049494
4.086530|0.044921
4.101729|0.034442
4.073127|0.030065
4.063898|0.034327
4.097823|0.043775
4.081781|0.034085
4.112967|0.134169
4.077567|0.084223
4.086746|0.089571
4.096105|0.405682
4.078613|0.027433
4.078639|0.038054
4.098318|0.031574
4.068072|0.026310
4.057165|0.027066
4.093272|0.027259
4.074617|0.017557
4.109826|0.166274
4.072261|0.056439
4.082264|0.092799
4.091721|0.310259
4.074533|0.019362
4.072373|0.044384
4.094307|0.029236
4.064278|0.023713
4.051027|0.026626
4.088640|0.028133
4.068631|0.014413
4.106549|0.160750
4.067833|0.077859
4.076438|0.163808
4.088389|0.285323
4.070659|0.019480
4.064357|0.019070
4.089679|0.028854
4.061088|0.036241
4.045475|0.025136
4.083964|0.032936
4.064382|0.017707
4.103707|0.154480
4.063788|0.093215
4.071507|0.101303
4.086273|0.243702
4.068097|0.035449
4.061227|0.016143
4.085448|0.086971
4.057829|0.035962
4.041681|0.030867
4.078905|0.023862
4.061264|0.012822
4.100321|0.079981
4.060947|0.056844
4.066538|0.061980
4.084029|0.132019
4.064562|0.020520
4.057980|0.021656
4.080297|0.061270
4.054508|0.035225
4.038453|0.017428
4.074458|0.051579
4.058424|0.018452
4.096663|0.042512
4.056909|0.065760
4.063664|0.069938
4.081546|0.216409
4.061661|0.028480
4.054819|0.015540
4.077534|0.099667
4.050771|0.022648
4.036370|0.025379
4.071102|0.025052
4.055082|0.014792
4.093106|0.097714
4.052713|0.063721
4.059973|0.037163
4.079064|0.129276
4.058684|0.019217
4.051902|0.014677
4.073605|0.050791
4.047187|0.031870
4.034108|0.013272
4.066968|0.040834
4.052081|0.014762
4.089026|0.119573
4.049350|0.054525
4.056260|0.064866
4.075799|0.090308
4.055722|0.023320
4.049464|0.023266
4.070179|0.035777
4.044255|0.056057
4.032286|0.017577
4.063890|0.023970
4.050222|0.010758
4.087231|0.087035
4.047162|0.049164
4.054670|0.047174
4.074380|0.181285
4.054355|0.016097
4.047845|0.014907
4.068463|0.025021
4.042247|0.056502
4.030902|0.015814
4.061635|0.029196
4.049194|0.012745
4.084464|0.090984
4.044862|0.041229
4.052823|0.094874
4.071358|0.150534
4.051789|0.030919
4.044943|0.014549
4.065613|0.029848
4.038741|0.018339
4.028429|0.013087
4.057754|0.029312
4.047394|0.019811
4.080876|0.058810
4.041139|0.040188
4.050157|0.043303
4.067879|0.148779
4.048738|0.018860
4.042035|0.011978
4.062893|0.027583
4.035686|0.016283
4.025622|0.014313
4.054292|0.020689
4.046056|0.012525
4.077447|0.023963
4.038148|0.060209
4.048499|0.037552
4.064889|0.147164
4.045274|0.011676
4.039495|0.018974
4.060706|0.026472
4.032506|0.016758
4.022525|0.008950
4.050990|0.018522
4.044963|0.011272
4.074186|0.021411
4.034939|0.039162
4.046569|0.018618
4.062223|0.146733
4.042238|0.013357
4.037178|0.015900
4.058967|0.024199
4.029803|0.017469
4.019762|0.019629
4.048192|0.025675
4.044119|0.011723
4.071610|0.021430
4.032589|0.032379
4.044799|0.018406
4.059792|0.145858
4.039587|0.022222
4.035538|0.011175
4.057588|0.034717
4.027313|0.016272
4.017714|0.009650
4.046028|0.022454
4.043338|0.013267
4.068823|0.024426
4.030500|0.037423
4.043285|0.010936
4.057521|0.136942
4.037647|0.009752
4.034226|0.009904
4.056554|0.027089
4.025342|0.016082
4.016309|0.010024
4.044456|0.012572
4.042693|0.010037
4.066694|0.017882
4.028910|0.030469
4.041928|0.010470
4.055369|0.114503
4.036191|0.005066
4.033184|0.008812
4.055692|0.021731
4.023821|0.016564
4.015291|0.008660
4.043162|0.014646
4.042201|0.007231
4.064829|0.017547
4.027566|0.029299
4.040814|0.010161
4.053560|0.106252
4.035067|0.006112
4.032281|0.008810
4.054971|0.024760
4.022698|0.017545
4.014501|0.009743
4.042148|0.014127
4.041853|0.006564
4.063354|0.018491
4.026472|0.028930
4.040006|0.010353
4.052140|0.054499
4.034250|0.004593
4.031553|0.008528
4.054359|0.025631
4.021920|0.018463
4.013982|0.011478
4.041403|0.012366
4.041634|0.006295
4.062263|0.019568
4.025609|0.030079
4.039543|0.014612
4.051271|0.040419
4.033700|0.009669
4.030993|0.009848
4.053700|0.021103
4.021194|0.018280
4.013591|0.010265
4.040496|0.016088
4.041461|0.011454
4.060934|0.017004
4.024765|0.027837
4.038949|0.014398
4.050267|0.087564
4.033111|0.018626
4.030335|0.008406
4.052597|0.023347
4.020482|0.016635
4.013086|0.010778
4.039087|0.017505
4.041303|0.014804
4.059729|0.017845
4.023761|0.029275
4.038285|0.008364
4.049181|0.025718
4.032361|0.008518
4.029546|0.009049
4.051177|0.024871
4.019547|0.017129
4.012390|0.011395
4.037355|0.012828
4.041125|0.009816
4.058577|0.017504
4.022902|0.028254
4.037542|0.010386
4.048368|0.093723
4.031641|0.000992
4.028799|0.009744
4.050283|0.021069
4.018597|0.015897
4.011772|0.011716
4.036138|0.006575
4.040980|0.006082
4.057355|0.017019
4.021963|0.026028
4.036734|0.011180
4.047579|0.031393
4.031068|0.002632
4.028095|0.009989
4.049683|0.021680
4.017974|0.017288
4.011460|0.010200
4.035402|0.013074
4.040903|0.007113
4.056447|0.018294
4.021351|0.027263
4.036115|0.011284
4.046979|0.025870
4.030752|0.005050
4.027671|0.012722
4.049067|0.027645
4.017526|0.018087
4.011329|0.014749
4.034742|0.014768
4.040871|0.009186
4.055869|0.018989
4.020982|0.028912
4.035809|0.015259
4.047075|0.143430
4.030769|0.010196
4.027558|0.009403
4.047997|0.020804
4.017289|0.015969
4.011237|0.010734
4.033397|0.010153
4.040807|0.012979
4.055043|0.017291
4.020491|0.027355
4.035359|0.010075
4.046577|0.143506
4.030422|0.005177
4.027144|0.010320
4.047057|0.022620
4.016806|0.017083
4.011008|0.010540
4.032622|0.011536
4.040678|0.011430
4.053962|0.017648
4.019935|0.027192
4.034757|0.011059
4.045851|0.134944
4.030090|0.002991
4.026797|0.008574
4.046713|0.025163
4.016301|0.017262
4.010818|0.010979
4.032218|0.009474
4.040551|0.008343
4.053024|0.017258
4.019495|0.026238
4.034292|0.008026
4.045281|0.092621
4.029830|0.000387
4.026571|0.009709
4.046491|0.021740
4.015897|0.015849
4.010698|0.009244
4.031940|0.005812
4.040443|0.005414
4.052312|0.018441
4.019214|0.028189
4.033970|0.013659
4.044907|0.029786
4.029644|0.000418
4.026429|0.008589
4.046356|0.018023
4.015563|0.021477
4.010659|0.015170
4.031757|0.010715
4.040378|0.006993
4.051802|0.018791
4.019034|0.027424
4.033776|0.017259
4.044718|0.029497
4.029500|0.033129
4.026243|0.008931
4.046271|0.022289
4.015270|0.016854
4.010555|0.022508
4.031626|0.009670
4.040288|0.011956
4.051202|0.016377
4.018762|0.026254
4.033584|0.008166
4.044349|0.055085
4.029426|0.015484
4.026125|0.011414
4.045992|0.017285
4.014869|0.015824
4.010476|0.017901
4.031075|0.012290
4.040188|0.011175
4.050358|0.016642
4.018502|0.024813
4.033331|0.008379
4.043984|0.024838
4.029233|0.007045
4.025966|0.012275
4.044798|0.017832
4.014524|0.019382
4.010383|0.011256
4.028258|0.026234
4.040102|0.008178
4.049658|0.019062
4.018224|0.024048
4.033066|0.014053
4.043599|0.021992
4.029180|0.024361
4.025846|0.008420
4.039314|0.032169
4.014334|0.015867
4.010322|0.016781
4.024351|0.017559
4.040006|0.011266
4.049198|0.021389
4.017984|0.029666
4.032921|0.010351
4.042800|0.022866
4.029027|0.012246
4.025735|0.010278
4.038557|0.019232
4.014100|0.015817
4.010239|0.012137
4.023870|0.010315
4.039915|0.011494
4.048585|0.016149
4.017770|0.023840
4.032762|0.011181
4.041450|0.021687
4.028888|0.012394
4.025594|0.008224
4.038332|0.020330
4.013877|0.015753
4.010143|0.010559
4.023626|0.012007
4.039839|0.010556
4.047845|0.016218
4.017511|0.023325
4.032598|0.009092
4.142682|1.235042
4.147429|1.050731
4.147269|1.047288
4.135749|0.942895
4.138417|0.796686
4.146323|1.060928
4.141084|0.683478
4.143773|0.906850
4.131238|0.768397
4.140163|0.829155
4.141584|0.845609
4.143187|0.831755
4.136995|0.565053
4.146801|0.768162
4.123535|0.497140
4.130748|0.334722
4.129234|0.391884
4.121050|0.377335
4.124147|0.296420
4.137699|0.483532
4.130255|0.367220
4.136418|0.560043
4.117429|0.336805
4.128996|0.419116
4.130781|0.430720
4.128888|0.342515
4.118459|0.224928
4.134992|0.231498
4.098331|0.138942
4.103065|0.093233
4.097652|0.094028
4.094376|0.123465
4.095581|0.078841
4.119182|0.312921
4.108546|0.314214
4.123049|0.266658
4.088126|0.171254
4.104141|0.155333
4.114622|0.170021
4.107188|0.161019
4.093788|0.127956
4.116090|0.128321
4.067738|0.074338
4.076621|0.051355
4.064538|0.017477
4.068806|0.081635
4.068223|0.047943
4.104396|0.400077
4.092381|0.261727
4.110129|0.456414
4.067460|0.195703
4.088218|0.400666
4.102622|0.229051
4.094966|0.099078
4.081676|0.065244
4.104287|0.067624
4.054603|0.059725
4.063233|0.042489
4.052844|0.029809
4.059694|0.075856
4.058990|0.047865
4.098137|0.196621
4.086105|0.150152
4.104801|0.906980
4.059411|0.292696
4.081911|0.482763
4.096264|0.156740
4.087253|0.173708
4.070683|0.139960
4.091135|0.128701
4.042362|0.075230
4.048175|0.047410
4.038228|0.028638
4.038012|0.052467
4.041745|0.046569
4.081029|0.192095
4.074232|0.159472
4.094047|0.497735
4.039639|0.129638
4.067698|0.192638
4.081244|0.091062
4.068835|0.115298
4.056855|0.108832
4.067094|0.092097
4.024059|0.048519
4.033596|0.050816
4.022041|0.007121
4.019462|0.061044
4.026419|0.049325
4.070803|0.143166
4.066104|0.084279
4.088350|0.601704
4.027186|0.227574
4.057088|0.279967
4.073261|0.053867
4.061625|0.040421
4.048569|0.048540
4.059584|0.027380
4.015460|0.051963
4.023962|0.047335
4.016056|0.007090
4.011105|0.059360
4.020955|0.034540
4.065899|0.050225
4.060400|0.223143
4.078068|0.299020
4.021633|0.109387
4.049504|0.104882
4.068512|0.179101
4.057235|0.026500
4.045248|0.041959
4.053222|0.029752
4.012054|0.058340
4.019657|0.037616
4.012193|0.007112
4.007327|0.050232
4.017716|0.032107
4.060061|0.021947
4.055107|0.108324
4.072151|0.401154
4.018708|0.103874
4.045848|0.134541
4.063671|0.048534
4.051417|0.023698
4.039999|0.038628
4.043970|0.016980
4.008454|0.047523
4.016943|0.044346
4.008179|0.006444
4.004212|0.053928
4.014406|0.032949
4.053277|0.019642
4.049414|0.017410
4.062814|0.184016
4.015609|0.113596
4.041884|0.076342
4.059569|0.027433
4.045297|0.017431
4.032733|0.035073
4.035365|0.014727
4.004824|0.047909
4.013725|0.043701
4.004919|0.002789
4.001879|0.053875
4.012212|0.032111
4.046961|0.020556
4.045275|0.032592
4.055140|0.184119
4.013441|0.122925
4.038615|0.108331
4.055425|0.027984
4.039587|0.017835
4.027740|0.032451
4.028106|0.011453
4.003120|0.048952
4.012036|0.037478
4.003492|0.005249
4.000160|0.051304
4.010509|0.031870
4.042573|0.017993
4.042236|0.011354
4.050437|0.109917
4.011518|0.102968
4.034961|0.066970
4.051669|0.021747
4.036909|0.017133
4.025868|0.032566
4.024716|0.013155
4.002151|0.049315
4.011055|0.038132
4.002642|0.004330
3.999348|0.046816
4.009759|0.033179
4.039899|0.016750
4.039160|0.007067
4.043035|0.057670
4.004472|0.084444
4.026397|0.052115
4.048353|0.018547
4.034756|0.018459
4.023972|0.032686
4.021406|0.005064
4.001600|0.042885
4.010571|0.044860
4.002294|0.002129
3.998804|0.049021
4.009219|0.033087
4.036089|0.016768
4.035950|0.007689
4.030180|0.119543
3.993170|0.075557
4.015406|0.033793
4.045319|0.022878
4.028495|0.016697
4.017789|0.032012
4.004026|0.008868
3.996168|0.046169
4.010421|0.036784
3.995228|0.004100
3.991376|0.049875
4.001789|0.033575
4.019637|0.019674
4.035413|0.009934
4.015668|0.079959
3.983033|0.113850
4.005847|0.036617
4.036921|0.024315
4.015140|0.020685
4.011773|0.035177
3.989906|0.019394
3.993505|0.050368
4.009870|0.041381
3.994652|0.003377
3.990791|0.044794
4.001256|0.034353
4.017736|0.020044
4.033650|0.025463
4.013112|0.150319
3.982046|0.076522
4.004227|0.032238
4.034451|0.027822
4.013971|0.017654
4.011582|0.033821
3.988483|0.016942
3.993470|0.051984
4.010295|0.042100
3.994488|0.009602
3.990633|0.048323
4.001142|0.035012
4.017667|0.029958
4.033462|0.149114
4.013585|0.109207
3.982460|0.117975
4.004836|0.084098
4.034294|0.062923
4.013845|0.021559
4.011145|0.034197
3.987688|0.009816
3.993149|0.042720
4.009436|0.044902
3.994395|0.003521
3.990536|0.045886
4.001089|0.034277
4.016611|0.017309
4.029804|0.021435
4.011784|0.051513
3.981677|0.057981
4.003173|0.010327
4.029287|0.036970
4.012255|0.023359
4.010995|0.038292
3.985116|0.022972
3.993239|0.049226
4.009673|0.037947
3.994299|0.003829
3.990504|0.059985
4.001077|0.033990
4.014949|0.021582
4.025559|0.059837
4.009990|0.135127
3.980797|0.049266
4.000680|0.036987
4.026231|0.026183
4.011226|0.017069
4.010609|0.033036
3.983784|0.013152
3.992714|0.045554
4.008819|0.039578
3.993646|0.003825
3.989976|0.051326
4.000504|0.032198
4.014065|0.016823
4.023514|0.031702
4.002892|0.032973
3.977703|0.039275
3.996427|0.004532
4.024392|0.025250
4.010584|0.018575
4.009951|0.032769
3.982933|0.010428
3.992135|0.043231
4.008287|0.044713
3.993060|0.001625
3.989336|0.059259
3.999781|0.033684
4.012970|0.017338
4.021229|0.006362
4.001484|0.009766
3.979428|0.039739
3.994992|0.002726
4.022185|0.020553
4.009877|0.016681
4.009282|0.032431
3.982341|0.010517
3.991469|0.047546
4.007455|0.034855
3.992768|0.005769
3.988744|0.053024
3.999243|0.032700
4.012062|0.018441
4.018695|0.003804
3.998407|0.016650
3.975363|0.042163
3.993261|0.001390
4.019166|0.018773
4.009267|0.016291
4.009185|0.032963
3.982262|0.005915
3.991790|0.044803
4.008414|0.041406
3.993309|0.002088
3.988887|0.051010
3.999370|0.034887
4.012588|0.017344
4.020212|0.010800
4.004543|0.217674
3.980623|0.152073
3.998430|0.120497
4.019334|0.018599
4.009520|0.017261
4.008796|0.043601
3.982091|0.007533
3.991363|0.075214
4.007477|0.072602
3.992573|0.002126
3.988780|0.081059
3.999389|0.064954
4.012163|0.018201
4.017263|0.005704
4.000233|0.091919
3.977747|0.048180
3.994158|0.025606
4.018705|0.021827
4.009153|0.018115
4.008275|0.034577
3.981637|0.012182
3.991006|0.049097
4.007115|0.037196
3.992445|0.002544
3.988487|0.054429
3.999063|0.032458
4.011346|0.018476
4.016041|0.002620
3.994963|0.011043
3.974961|0.042634
3.991322|0.003892
4.016771|0.018441
4.008467|0.016695
4.007739|0.033461
3.980723|0.014984
3.990615|0.051516
4.006712|0.037328
3.992131|0.002360
3.988070|0.047609
3.998628|0.033865
4.010608|0.016315
4.014845|0.002749
3.994848|0.037166
3.977770|0.061441
3.991795|0.001712
4.015574|0.016719
4.008135|0.017693
4.007496|0.032427
3.980351|0.005319
3.990510|0.044460
4.006522|0.045366
3.992058|0.000809
3.988046|0.051659
3.998608|0.031804
4.010416|0.016199
4.014194|0.005641
3.990118|0.040903
3.973935|0.039645
3.989151|0.001608
4.014811|0.018303
4.007853|0.016817
4.007328|0.032981
3.980019|0.001715
3.990394|0.045207
4.006567|0.040300
3.992033|0.001734
3.987928|0.061296
3.998453|0.031718
4.010330|0.016731
4.014362|0.009457
3.989784|0.091020
3.974356|0.112617
3.988579|0.050548
4.014553|0.018163
4.007759|0.016617
4.007329|0.031966
3.979811|0.002071
3.990346|0.044549
4.006479|0.047576
3.991975|0.001648
3.987879|0.060753
3.998416|0.035381
4.010031|0.018163
4.013690|0.001975
3.988585|0.022908
3.974013|0.058791
3.988478|0.010257
4.014476|0.024356
4.007559|0.020729
4.007226|0.035284
3.979466|0.006755
3.990321|0.043649
4.006456|0.044417
3.991906|0.002624
3.987810|0.068742
3.998357|0.041383
4.009573|0.027318
4.013222|0.002915
3.987128|0.036010
3.973587|0.054168
3.987634|0.023734
4.013554|0.016995
4.007106|0.017007
4.007051|0.031822
3.978809|0.014008
3.990212|0.048347
4.006325|0.034595
3.991794|0.011890
3.987713|0.043774
3.998250|0.034792
4.009229|0.016689
4.012607|0.004910
3.986854|0.027902
3.973562|0.063307
3.987426|0.004976
4.013132|0.017107
4.006962|0.016599
4.006996|0.032610
3.978622|0.006137
3.990164|0.042735
4.006306|0.049617
3.991759|0.000521
3.987681|0.057718
3.998216|0.032667
4.009107|0.015872
4.011728|0.002337
3.986195|0.002616
3.973423|0.039788
3.987224|0.003563
4.012080|0.019043
4.006852|0.017191
4.006896|0.033773
3.978443|0.017391
3.990099|0.051945
4.006220|0.032921
3.991667|0.004662
3.987591|0.048915
3.998129|0.031569
4.008938|0.015817
4.005390|0.002389
3.985376|0.001843
3.973304|0.041415
3.986601|0.003553
4.005355|0.016132
4.006749|0.016395
4.006824|0.031742
3.978305|0.009429
3.990052|0.044706
4.006191|0.038352
3.991637|0.002085
3.987546|0.047898
3.998080|0.032308
4.008834|0.015832
4.004405|0.002022
3.984158|0.000878
3.973241|0.038644
3.986033|0.000990
4.004953|0.017605
4.006666|0.016257
4.006753|0.031401
3.978178|0.008630
3.990006|0.044780
4.006130|0.035127
3.991577|0.002941
3.987510|0.046039
3.998040|0.032859
4.008734|0.015925
4.004151|0.003733
3.983534|0.000755
3.973163|0.038468
3.985813|0.001853
4.004774|0.016029
4.006598|0.016572
4.006691|0.031429
3.978078|0.007006
3.989976|0.045307
4.006089|0.034092
3.991541|0.002780
3.987473|0.044774
3.998008|0.032560
4.008651|0.015872
4.003946|0.004149
3.983292|0.000599
3.973097|0.037562
3.985670|0.000734
4.004622|0.016162
4.006533|0.016286
4.006640|0.031370
3.977986|0.005000
3.989949|0.044540
4.006063|0.035639
3.991519|0.001580
3.987448|0.045954
3.997981|0.031660
4.008568|0.016081
4.003777|0.002871
3.983096|0.000541
3.973033|0.037225
3.985538|0.000729
4.004468|0.016203
4.006460|0.015950
4.006580|0.031850
3.977879|0.005409
3.989930|0.045924
4.006040|0.032598
3.991500|0.001647
3.987427|0.048091
3.997961|0.031365
4.008467|0.016663
4.003632|0.001241
3.982842|0.000492
3.972919|0.037683
3.985283|0.000726
4.004327|0.015878
4.006365|0.016206
4.006486|0.031857
3.977725|0.004225
3.989913|0.046709
4.006022|0.032906
3.991482|0.001550
3.987412|0.045291
3.997945|0.031400
4.008393|0.016035
4.003530|0.001611
3.982202|0.000439
3.972327|0.037365
3.984376|0.000539
4.004192|0.016149
4.006325|0.016161
4.006429|0.031368
3.977650|0.003417
3.989903|0.044767
4.006011|0.032721
3.991477|0.001302
3.987403|0.046200
3.997936|0.031345
4.008361|0.016233
4.003474|0.001380
3.981309|0.000419
3.971404|0.036817
3.983916|0.000724
4.004091|0.016080
4.006283|0.015964
4.006382|0.031761
3.977579|0.003645
3.989889|0.046364
4.006000|0.032187
3.991459|0.001284
3.987384|0.045651
3.997917|0.031638
4.008302|0.016460
4.003400|0.001179
3.981047|0.000375
3.971296|0.037654
3.983729|0.000607
4.003987|0.015889
4.006244|0.016105
4.006350|0.031331
3.977520|0.003031
3.989873|0.045270
4.005981|0.031940
3.991446|0.001134
3.987373|0.045514
3.997904|0.031332
4.008265|0.016188
4.003341|0.000919
3.980933|0.000343
3.971249|0.036978
3.983671|0.000430
4.003933|0.016000
4.006219|0.016018
4.006330|0.031734
3.977483|0.002273
3.989863|0.046014
4.005970|0.032585
3.991432|0.001085
3.987362|0.044435
3.997893|0.031630
4.008234|0.015873
4.003294|0.001944
3.980849|0.000319
3.971216|0.037230
3.983633|0.000386
4.003879|0.016019
4.006199|0.016010
4.006310|0.031306
3.977448|0.002177
3.989855|0.044314
4.005958|0.031784
3.991423|0.000948
3.987353|0.046852
3.997884|0.031309
4.008213|0.016589
4.003260|0.000829
3.980762|0.000318
3.971194|0.036899
3.983595|0.000642
4.003849|0.016046
4.006181|0.015904
4.006295|0.032186
3.977422|0.002250
3.989845|0.047488
4.005950|0.032431
3.991413|0.000801
3.987345|0.044368
3.997875|0.031521
4.008189|0.016042
4.003220|0.001178
3.980702|0.000286
3.971178|0.037579
3.983568|0.000429
4.003803|0.015976
4.006166|0.015877
4.006280|0.031314
3.977394|0.002323
3.989841|0.044322
4.005941|0.031594
3.991405|0.001083
3.987336|0.047813
3.997867|0.031293
4.008172|0.016397
4.003189|0.000552
3.980641|0.000273
3.971163|0.036901
3.983536|0.000382
4.003784|0.016015
4.006153|0.015915
4.006269|0.032049
3.977376|0.001505
3.989830|0.047945
4.005934|0.032820
3.991398|0.000711
3.987330|0.043035
3.997859|0.031891
4.008152|0.015696
4.003161|0.001339
3.980593|0.000258
3.971148|0.037250
3.983509|0.000343
4.003748|0.016061
4.006137|0.015964
4.006253|0.031287
3.977354|0.001483
3.989827|0.043854
4.005926|0.031615
3.991391|0.001038
3.987322|0.048207
3.997853|0.031382
4.008140|0.016599
4.003140|0.000576
3.980542|0.000262
3.971136|0.036815
3.983483|0.000591
4.003729|0.016048
4.006127|0.015841
4.006244|0.031934
3.977338|0.001518
3.989817|0.047664
4.005920|0.032298
3.991385|0.000412
3.987318|0.044088
3.997846|0.031484
4.008126|0.016177
4.003111|0.000401
3.980499|0.000240
3.971124|0.037131
3.983459|0.000389
4.003702|0.015860
4.006116|0.015907
4.006232|0.031341
3.977317|0.001048
3.989812|0.044934
4.005913|0.031782
3.991378|0.000637
3.987310|0.044556
3.997839|0.031498
4.008110|0.015755
4.003089|0.000763
3.980462|0.000226
3.971112|0.036649
3.983440|0.000299
4.003677|0.016044
4.006105|0.015824
4.006221|0.031434
3.977304|0.000954
4.117730|1.136614
4.142088|1.043386
4.140919|0.863578
4.130066|0.746663
4.121391|0.837203
4.130382|0.958960
4.127967|0.735028
4.127431|0.568171
4.122183|1.051989
4.110542|0.548178
4.115271|0.517018
4.113919|0.300888
4.102078|0.158584
4.115351|0.204438
4.106068|0.814249
4.103965|0.493167
4.094529|0.197990
4.104554|0.386611
4.100003|0.548361
4.096364|0.418667
4.086769|0.139009
4.089436|0.090513
4.099073|0.694451
4.061730|0.085919
4.063334|0.061523
4.057804|0.055570
4.036346|0.040932
4.057661|0.028720
4.085193|0.807956
4.071291|0.393334
4.049671|0.023077
4.064079|0.221367
4.075455|0.381478
4.064099|0.208095
4.047877|0.016618
4.047109|0.014529
4.069474|0.459757
4.035803|0.014950
4.046664|0.013502
4.044662|0.012368
4.028582|0.010542
4.050882|0.009231
4.069588|0.694328
4.059946|0.349328
4.043607|0.010698
4.056882|0.157330
4.058443|0.439016
4.054866|0.187117
4.043303|0.022406
4.042029|0.016839
4.062882|0.644788
4.031826|0.022177
4.042948|0.012839
4.040297|0.008718
4.025335|0.007410
4.047649|0.007624
4.060763|0.652696
4.054018|0.238639
4.041437|0.017969
4.053110|0.313786
4.047281|0.141327
4.049151|0.069854
4.041674|0.018412
4.040050|0.013958
4.058150|0.500479
4.030509|0.010019
4.041818|0.010331
4.039011|0.008292
4.023876|0.006630
4.045951|0.004600
4.046181|0.595989
4.041206|0.188918
4.038913|0.007209
4.047995|0.213006
4.019139|0.223740
4.034032|0.152350
4.037925|0.011535
4.036046|0.006466
4.049533|0.257830
4.026239|0.005076
4.037318|0.010217
4.034697|0.014891
4.018141|0.012123
4.041266|0.005493
4.034520|0.344331
4.035849|0.131775
4.035007|0.011766
4.038633|0.095426
4.016549|0.106672
4.032122|0.118403
4.035769|0.031858
4.034019|0.009600
4.045222|0.528956
4.025118|0.008806
4.036295|0.015982
4.033575|0.016908
4.017060|0.007859
4.040336|0.002952
4.027982|0.318141
4.034584|0.131886
4.034512|0.001994
4.034101|0.158321
4.013465|0.133380
4.030900|0.036379
4.035414|0.010516
4.033546|0.004869
4.042086|0.288216
4.024485|0.000650
4.035749|0.001036
4.032975|0.001913
4.016640|0.005475
4.039880|0.006704
4.024184|0.241024
4.033419|0.079839
4.034055|0.000549
4.033191|0.106331
4.008687|0.025232
4.029840|0.008458
4.035078|0.003175
4.033280|0.003914
4.040277|0.339384
4.024145|0.001102
4.035386|0.000807
4.032551|0.000914
4.016109|0.000679
4.039320|0.000756
4.021613|0.064102
4.032642|0.060796
4.033596|0.001966
4.031554|0.072830
4.006935|0.005641
4.028982|0.056144
4.034297|0.002428
4.032360|0.001318
4.038619|0.229424
4.022777|0.001930
4.034160|0.000536
4.031257|0.000300
4.014768|0.000321
4.037730|0.000272
4.019114|0.015063
4.030913|0.008813
4.032289|0.000229
4.029770|0.091007
4.004934|0.003810
4.027206|0.002587
4.033246|0.000255
4.031484|0.000239
4.037667|0.190721
4.021977|0.000251
4.033595|0.000274
4.030824|0.000233
4.014400|0.000226
4.037305|0.000293
4.016810|0.041003
4.030019|0.002059
4.031692|0.000243
4.028748|0.044649
4.002715|0.001669
4.025467|0.058515
4.032291|0.005524
4.030660|0.003183
4.036837|0.179837
4.020997|0.007094
4.032302|0.000576
4.029839|0.000186
4.013421|0.000186
4.036175|0.000144
4.013670|0.097874
4.029190|0.001335
4.030509|0.000170
4.027820|0.131847
3.998867|0.004502
4.024249|0.001233
4.031321|0.000222
4.030023|0.000193
4.035989|0.219474
4.020446|0.000179
4.031659|0.000188
4.029429|0.000160
4.013022|0.000157
4.035688|0.000162
4.010361|0.050289
4.028619|0.001029
4.029926|0.000135
4.026731|0.069157
3.996042|0.001391
4.023716|0.030105
4.030704|0.000291
4.029537|0.000259
4.035358|0.160606
4.019938|0.001280
4.031051|0.000533
4.028902|0.000347
4.012508|0.000771
4.035058|0.000145
4.009192|0.008046
4.028063|0.013841
4.029306|0.000199
4.025688|0.044728
3.995311|0.001617
4.023040|0.003376
4.030108|0.000265
4.029024|0.000224
4.034489|0.110785
4.019270|0.000501
4.030558|0.000426
4.028508|0.000358
4.012099|0.000759
4.034698|0.000130
4.008190|0.027629
4.027719|0.001612
4.029045|0.000702
4.024951|0.026098
3.994880|0.002659
4.022731|0.009412
4.029701|0.004484
4.028474|0.002223
4.033484|0.072048
4.017924|0.001681
4.027809|0.000474
4.021996|0.000217
3.992794|0.000204
4.017889|0.000125
4.007776|0.057941
4.021329|0.001036
4.016419|0.000121
4.012093|0.082014
3.994918|0.001379
4.016261|0.002159
4.016739|0.000151
4.015629|0.000160
4.020943|0.075970
4.005759|0.000858
4.017035|0.000550
4.014961|0.000449
3.991812|0.001684
4.018325|0.000104
4.007163|0.019724
4.020855|0.002553
4.015411|0.000209
4.010454|0.028271
3.994522|0.001185
4.015836|0.000800
4.015921|0.000174
4.014568|0.000143
4.018864|0.076135
4.004265|0.000230
4.015168|0.000157
4.012898|0.000137
3.988950|0.000213
4.015879|0.000073
4.006366|0.006161
4.019702|0.000445
4.013343|0.000120
4.008140|0.024684
3.994170|0.000612
4.014716|0.000589
4.014128|0.001292
4.013201|0.001285
4.017938|0.031618
4.003416|0.000816
4.014599|0.000249
4.012453|0.000112
3.988508|0.000129
4.015423|0.000059
4.005510|0.001856
4.019311|0.000428
4.012525|0.000052
4.006926|0.023850
3.993850|0.000469
4.014213|0.000637
4.012321|0.001120
4.011921|0.001391
4.016965|0.028508
4.002022|0.004525
4.012424|0.000389
4.010801|0.000072
3.986601|0.000081
4.012889|0.000045
4.004831|0.001584
4.017328|0.000282
4.009757|0.000041
4.005607|0.037881
3.993695|0.000411
4.012767|0.000287
4.008976|0.000046
4.009586|0.000048
4.016132|0.027300
3.999587|0.000445
4.009223|0.000470
4.008131|0.000397
3.984544|0.002008
4.010632|0.000037
4.004215|0.001045
4.016086|0.000635
4.007489|0.000271
4.003894|0.022517
3.993353|0.000337
4.011825|0.000401
4.005952|0.000050
4.007547|0.000041
4.014903|0.025934
3.997533|0.000039
4.006242|0.000039
4.006075|0.000038
3.982539|0.000044
4.008256|0.000034
4.003598|0.000824
4.014301|0.000253
4.005502|0.000036
4.002834|0.021687
3.992586|0.000335
4.010752|0.000354
4.004138|0.000512
4.006395|0.000738
4.013352|0.022800
3.996432|0.001610
4.004642|0.000562
4.004975|0.000215
3.981465|0.000368
4.006988|0.000030
4.002771|0.000761
4.012974|0.000199
4.004543|0.000035
4.002040|0.021813
3.992199|0.000367
4.010032|0.000192
4.003234|0.000031
4.005877|0.000029
4.011555|0.025694
3.996111|0.000033
4.004287|0.000034
4.004759|0.000034
3.981289|0.000054
4.006809|0.000028
4.002130|0.000675
4.012669|0.000187
4.004402|0.000045
4.001510|0.021546
3.991896|0.000318
4.009819|0.000189
4.003116|0.000038
4.005797|0.000035
4.006444|0.022382
3.996044|0.000045
4.004211|0.000045
4.004702|0.000048
3.981240|0.000093
4.006755|0.000026
4.001690|0.000614
4.012536|0.000179
4.004357|0.000061
4.001179|0.021474
3.991552|0.000300
4.009678|0.000180
4.003079|0.000044
4.005771|0.000041
3.999987|0.021630
3.996017|0.000036
4.004182|0.000036
4.004677|0.000037
3.981216|0.000046
4.006724|0.000025
4.000978|0.000625
4.012197|0.000159
4.004331|0.000032
4.000855|0.021397
3.990877|0.000281
4.009214|0.000173
4.003052|0.000055
4.005747|0.000063
3.994595|0.021938
3.995986|0.000066
4.004145|0.000057
4.004645|0.000057
3.981183|0.000110
4.006686|0.000023
4.000202|0.000510
4.011841|0.000160
4.004293|0.000044
4.000450|0.021296
3.990625|0.000252
4.009012|0.000159
4.003014|0.000031
4.005713|0.000028
3.991512|0.022066
3.995951|0.000030
4.004108|0.000030
4.004613|0.000032
3.981151|0.000050
4.006653|0.000021
3.999671|0.000486
4.011751|0.000144
4.004260|0.000034
4.000034|0.021142
3.990415|0.000242
4.008934|0.000149
4.002979|0.000035
4.005682|0.000035
3.990536|0.021508
3.995910|0.000038
4.004070|0.000036
4.004576|0.000038
3.981110|0.000067
4.006608|0.000020
3.999276|0.000448
4.011672|0.000138
4.004204|0.000038
3.999613|0.021141
3.990340|0.000228
4.008849|0.000141
4.002893|0.000033
4.005589|0.000032
3.990062|0.021464
3.995704|0.000030
4.003869|0.000029
4.004304|0.000030
3.980694|0.000042
4.005929|0.000019
3.998918|0.000430
4.010968|0.000125
4.003112|0.000027
3.998748|0.021159
3.990314|0.000217
4.007790|0.000131
4.001817|0.000031
4.004508|0.000032
3.989446|0.021444
3.994110|0.000034
4.002841|0.000032
4.003311|0.000034
3.979831|0.000059
4.005057|0.000018
3.998646|0.000391
4.010393|0.000123
4.002917|0.000032
3.998273|0.021140
3.990252|0.000203
4.007585|0.000125
4.001641|0.000026
4.004351|0.000025
3.989077|0.021455
3.993936|0.000024
4.002734|0.000024
4.003243|0.000025
3.979778|0.000035
4.005004|0.000017
3.998417|0.000378
4.010312|0.000113
4.002881|0.000024
3.998004|0.021091
3.990197|0.000194
4.007497|0.000118
4.001599|0.000026
4.004309|0.000026
3.988863|0.021378
3.993876|0.000026
4.002697|0.000026
4.003206|0.000027
3.979744|0.000043
4.004968|0.000016
3.998265|0.000350
4.010257|0.000110
4.002857|0.000026
3.997831|0.021076
3.990149|0.000182
4.007451|0.000113
4.001580|0.000023
4.004292|0.000022
3.988695|0.021363
3.993853|0.000021
4.002680|0.000021
4.003192|0.000022
3.979729|0.000030
4.004950|0.000015
3.998140|0.000337
4.010221|0.000102
4.002843|0.000021
3.997711|0.021063
3.990103|0.000174
4.007415|0.000108
4.001566|0.000023
4.004281|0.000023
3.988535|0.021334
3.993838|0.000023
4.002667|0.000022
4.003181|0.000023
3.979718|0.000036
4.004938|0.000015
3.998029|0.000315
4.010188|0.000100
4.002832|0.000022
3.997608|0.021052
3.990047|0.000165
4.007380|0.000103
4.001556|0.000020
4.004272|0.000019
3.988369|0.021329
3.993828|0.000019
4.002658|0.000019
4.003172|0.000020
3.979710|0.000027
4.004928|0.000014
3.997908|0.000303
4.010148|0.000094
4.002824|0.000019
3.997509|0.021032
3.989951|0.000158
4.007329|0.000099
4.001547|0.000020
4.004264|0.000020
3.988172|0.021293
3.993819|0.000020
4.002650|0.000019
4.003165|0.000020
3.979702|0.000030
4.004919|0.000014
3.997739|0.000287
4.010070|0.000092
4.002816|0.000019
3.997395|0.021018
3.989743|0.000151
4.007228|0.000095
4.001540|0.000019
4.004259|0.000018
3.987921|0.021280
3.993812|0.000017
4.002643|0.000018
4.003160|0.000018
3.979696|0.000025
4.004912|0.000013
3.997501|0.000277
4.009954|0.000087
4.002810|0.000018
3.997234|0.021011
3.989488|0.000146
4.007123|0.000091
4.001534|0.000018
4.004253|0.000018
3.987641|0.021259
3.993805|0.000017
4.002637|0.000017
4.003154|0.000018
3.979691|0.000026
4.004907|0.000013
3.997153|0.000266
4.009857|0.000085
4.002805|0.000017
3.996905|0.021003
3.989313|0.000141
4.007017|0.000088
4.001530|0.000017
4.004250|0.000016
3.987385|0.021247
3.993801|0.000016
4.002633|0.000016
4.003150|0.000017
3.979686|0.000023
4.004901|0.000012
3.996531|0.000257
4.009769|0.000081
4.002801|0.000016
3.996323|0.020998
3.989242|0.000136
4.006955|0.000085
4.001525|0.000017
4.004246|0.000016
3.987151|0.021232
3.993796|0.000016
4.002628|0.000016
4.003146|0.000016
3.979682|0.000023
4.004897|0.000012
3.996077|0.000248
4.009732|0.000079
4.002795|0.000016
3.996031|0.020991
3.989193|0.000131
4.006920|0.000082
4.001518|0.000016
4.004240|0.000015
3.986917|0.021221
3.993788|0.000015
4.002620|0.000015
4.003139|0.000015
3.979675|0.000021
4.004889|0.000011
3.995937|0.000240
4.009703|0.000076
4.002786|0.000015
3.995926|0.020985
3.989155|0.000127
4.006894|0.000080
4.001507|0.000015
4.004232|0.000015
3.986705|0.021206
3.993778|0.000014
4.002607|0.000015
4.003130|0.000015
3.979666|0.000021
4.004877|0.000011
3.995861|0.000231
4.009680|0.000074
4.002770|0.000015
3.995864|0.020978
3.989127|0.000122
4.006871|0.000077
4.001486|0.000015
4.004217|0.000014
3.986532|0.021196
3.993759|0.000014
4.002575|0.000014
4.003108|0.000014
3.979640|0.000020
4.004839|0.000011
3.995806|0.000223
4.009645|0.000072
4.002687|0.000014
3.995812|0.020973
3.989107|0.000118
4.006816|0.000075
4.001301|0.000014
4.004073|0.000014
3.986384|0.021184
3.993532|0.000013
4.002118|0.000014
4.002759|0.000014
3.979259|0.000020
4.004365|0.000010
3.995786|0.000215
4.009498|0.000069
4.002097|0.000014
3.995620|0.020969
3.989111|0.000115
4.006689|0.000073
4.000819|0.000014
4.003767|0.000013
3.986162|0.021176
3.993319|0.000013
4.001911|0.000013
4.002661|0.000013
3.979190|0.000019
4.004318|0.000010
3.995752|0.000208
4.009459|0.000067
4.002059|0.000013
3.995566|0.020964
3.989090|0.000111
4.006634|0.000071
4.000777|0.000013
4.003738|0.000013
3.985959|0.021166
3.993285|0.000012
4.001873|0.000013
4.002636|0.000013
3.979167|0.000018
4.004284|0.000010
3.995700|0.000200
4.009416|0.000066
4.002035|0.000013
3.995519|0.020960
3.989064|0.000107
4.006604|0.000069
4.000757|0.000013
4.003726|0.000012
3.985682|0.021157
3.993273|0.000012
4.001858|0.000012
4.002625|0.000012
3.979159|0.000017
4.004272|0.000009
3.995663|0.000193
4.009398|0.000064
4.002023|0.000012
3.995483|0.020956
3.989046|0.000104
4.006588|0.000067
4.000747|0.000012
4.003718|0.000012
3.985166|0.021148
3.993265|0.000011
4.001848|0.000012
4.002618|0.000012
3.979153|0.000017
4.004264|0.000009
3.995636|0.000187
4.009383|0.000062
4.002016|0.000012
3.995458|0.020952
3.989035|0.000101
4.006576|0.000065
4.000739|0.000012
4.003713|0.000012
3.984575|0.021139
3.993259|0.000011
4.001842|0.000011
4.002612|0.000012
3.979147|0.000016
4.004258|0.000009
4.129936|1.284120
4.139230|0.888189
4.135419|0.694351
4.138300|1.487724
4.115612|0.824749
4.121631|0.625311
4.123904|0.502430
4.124182|0.198124
4.112632|1.224265
4.135178|1.111573
4.124328|0.993937
4.117324|0.484578
4.118466|0.715882
4.132253|1.084010
4.098472|0.630595
4.097636|0.291505
4.096714|0.295278
4.132442|0.896354
4.090935|0.458003
4.094874|0.326530
4.097796|0.310264
4.093818|0.119355
4.094240|0.812507
4.123000|1.191787
4.106239|0.370962
4.094930|0.212971
4.101942|0.310659
4.126260|1.210475
4.082788|0.372144
4.077551|0.141123
4.078897|0.328144
4.119431|0.682340
4.076256|0.510610
4.081121|0.329026
4.086112|0.291965
4.077808|0.122666
4.088865|0.451278
4.118989|1.055203
4.098634|0.323648
4.086311|0.292309
4.092760|0.142686
4.113145|0.525650
4.075936|0.174639
4.069381|0.117073
4.071167|0.081261
4.105900|0.352317
4.069660|0.303571
4.073447|0.219022
4.076445|0.170522
4.065692|0.043186
4.075732|0.234426
4.113504|0.924677
4.085272|0.080414
4.070542|0.051210
4.076512|0.044229
4.103742|0.443605
4.060465|0.100400
4.058065|0.132746
4.059924|0.022512
4.093746|0.237580
4.056434|0.417722
4.058687|0.369832
4.057928|0.337814
4.035563|0.013004
4.060830|0.385077
4.103912|0.704644
4.068449|0.091644
4.055776|0.111133
4.054602|0.051270
4.093888|0.510425
4.048206|0.067672
4.038894|0.035085
4.040872|0.019796
4.072626|0.157857
4.042517|0.379924
4.047628|0.299412
4.049420|0.283780
4.030199|0.026115
4.055598|0.450850
4.094439|0.534441
4.062654|0.046142
4.050816|0.028795
4.048362|0.039434
4.077213|0.226009
4.043327|0.080516
4.033603|0.025382
4.035873|0.009463
4.061069|0.192420
4.037599|0.286417
4.043683|0.236920
4.046127|0.208258
4.024127|0.026149
4.052706|0.251985
4.085297|0.257106
4.058516|0.042780
4.048512|0.034961
4.044774|0.068545
4.067821|0.400163
4.041423|0.103697
4.033661|0.031487
4.034985|0.021080
4.052382|0.257443
4.031473|0.316221
4.042016|0.230529
4.044198|0.059637
4.022822|0.011472
4.049612|0.197085
4.081060|0.716665
4.056729|0.030859
4.047149|0.023311
4.042150|0.026522
4.047752|0.150853
4.038295|0.060034
4.030592|0.007902
4.033105|0.004248
4.042455|0.123602
4.025717|0.234719
4.040413|0.175082
4.041890|0.142561
4.021193|0.006992
4.044849|0.156817
4.075850|0.365665
4.051539|0.031124
4.045854|0.037362
4.039238|0.034734
4.041583|0.117188
4.035676|0.036744
4.029762|0.012436
4.032249|0.006705
4.039268|0.092599
4.022702|0.246624
4.037767|0.186920
4.039609|0.124294
4.020206|0.007526
4.040249|0.119618
4.072139|0.489391
4.047636|0.023353
4.044812|0.016068
4.036647|0.018525
4.038471|0.055885
4.033709|0.040007
4.029443|0.018636
4.031993|0.006887
4.036128|0.086274
4.020768|0.194439
4.036273|0.158106
4.038179|0.127819
4.019729|0.003872
4.036671|0.139782
4.069402|0.162025
4.044821|0.029793
4.043582|0.011048
4.034320|0.019971
4.037438|0.273811
4.031269|0.038234
4.029020|0.009662
4.031169|0.006976
4.034755|0.053642
4.019951|0.131912
4.035764|0.109622
4.037712|0.097869
4.019634|0.004930
4.034917|0.158514
4.067063|0.197358
4.043682|0.029508
4.042362|0.003482
4.033131|0.019113
4.034246|0.063703
4.030294|0.026449
4.029116|0.003288
4.031416|0.003191
4.034425|0.066372
4.019833|0.092630
4.035521|0.064971
4.036925|0.057453
4.018897|0.005454
4.033774|0.091258
4.067241|0.256910
4.042910|0.036785
4.041791|0.003833
4.032727|0.018326
4.033005|0.155382
4.029965|0.030532
4.027217|0.001589
4.029871|0.001320
4.031404|0.113233
4.017038|0.064965
4.033107|0.044128
4.035517|0.036876
4.018017|0.003799
4.032354|0.114131
4.064597|0.112722
4.041998|0.025232
4.040730|0.002110
4.031705|0.021273
4.029433|0.017774
4.029471|0.040741
4.026557|0.000460
4.029360|0.000403
4.028584|0.015720
4.016226|0.051383
4.032173|0.035863
4.034427|0.034836
4.016824|0.009357
4.030973|0.161472
4.062650|0.070723
4.041371|0.062794
4.039778|0.004423
4.029210|0.021132
4.024834|0.023105
4.025274|0.033250
4.013415|0.000301
4.015115|0.000201
4.017646|0.101871
4.008529|0.049229
4.024780|0.034840
4.027327|0.026531
3.996524|0.001062
4.029926|0.208975
4.062003|0.064051
4.033677|0.109021
4.032973|0.046197
4.015989|0.026365
4.022762|0.033677
4.021166|0.030496
4.011609|0.001067
4.014244|0.001167
4.015727|0.014392
4.007465|0.048641
4.023584|0.029056
4.026140|0.024320
3.994737|0.006222
4.029211|0.186113
4.060611|0.160458
4.033665|0.113744
4.032867|0.075297
4.016362|0.045486
4.019976|0.002620
4.020961|0.029468
4.010882|0.000535
4.013870|0.000368
4.013121|0.060318
4.007200|0.030816
4.023379|0.024386
4.025977|0.024643
3.994736|0.009810
4.029448|0.132397
4.058301|0.306300
4.033190|0.069766
4.032435|0.016952
4.015262|0.018911
4.019032|0.026926
4.020519|0.027512
4.011364|0.006753
4.014020|0.004595
4.012444|0.019042
4.006986|0.041451
4.023005|0.028965
4.025466|0.029489
3.994357|0.008150
4.027777|0.159387
4.039204|0.328190
4.032467|0.081714
4.032335|0.025241
4.014614|0.019104
4.018455|0.006840
4.019746|0.026029
4.010711|0.001558
4.013669|0.001063
4.011528|0.048135
4.006381|0.052292
4.022535|0.021874
4.025190|0.025079
3.994119|0.001201
4.026599|0.044279
4.031117|0.193506
4.031304|0.022693
4.031983|0.007234
4.013831|0.019841
4.018426|0.146047
4.018955|0.025524
4.010680|0.001996
4.013651|0.001060
4.011593|0.012823
4.006467|0.193525
4.022621|0.174710
4.025296|0.157409
3.994266|0.000872
4.026411|0.094857
4.030029|0.122755
4.031126|0.017248
4.032048|0.007683
4.013530|0.017663
4.019001|0.031529
4.018591|0.030800
4.010685|0.003000
4.013629|0.001065
4.011372|0.006659
4.005938|0.110802
4.022032|0.069006
4.024663|0.050918
3.994059|0.001546
4.025112|0.023477
4.030324|0.027978
4.030569|0.040909
4.031605|0.006011
4.012775|0.021119
4.018544|0.023350
4.017825|0.023055
4.010615|0.000819
4.013539|0.000529
4.010650|0.057231
4.005454|0.052245
4.021606|0.044436
4.024222|0.040056
3.994007|0.000292
4.023635|0.029692
4.028713|0.015455
4.029573|0.016884
4.031280|0.004164
4.011939|0.019174
4.017011|0.014824
4.017114|0.055142
4.010299|0.010217
4.013288|0.001410
4.010180|0.007014
4.004494|0.027718
4.020636|0.028144
4.023338|0.030915
3.993721|0.000242
4.021824|0.015878
4.027343|0.016374
4.028846|0.021908
4.030909|0.000946
4.011233|0.017618
4.016269|0.000466
4.016309|0.029987
4.010280|0.000429
4.013224|0.000464
4.009502|0.002054
4.004003|0.056001
4.020190|0.021658
4.022839|0.018821
3.993646|0.000474
4.020439|0.014502
4.026033|0.003213
4.027289|0.016388
4.029520|0.002484
4.009210|0.016167
4.015709|0.001095
4.013908|0.022283
4.010266|0.000332
4.013248|0.000246
4.009035|0.004341
4.003689|0.113097
4.019879|0.108197
4.022573|0.109664
3.993636|0.001892
4.017888|0.083234
4.025805|0.002573
4.025619|0.056289
4.027982|0.023148
4.007598|0.017325
4.015178|0.000939
4.012611|0.022552
4.010205|0.000149
4.013226|0.000124
4.008499|0.065465
4.003514|0.032999
4.019721|0.028472
4.022381|0.026164
3.993566|0.000269
4.016365|0.006887
4.024700|0.003286
4.023036|0.016498
4.025577|0.008352
4.003932|0.016601
4.014618|0.000905
4.006639|0.031880
4.009831|0.003764
4.012717|0.001600
4.007885|0.004140
4.002634|0.036110
4.018412|0.027318
4.021445|0.025229
3.992743|0.000174
4.001975|0.008026
4.024486|0.002094
4.007662|0.019885
4.009485|0.000960
3.988866|0.018617
4.014328|0.000440
3.993275|0.025175
4.008759|0.000978
4.012232|0.000694
4.007610|0.000832
4.002237|0.030515
4.017995|0.020787
4.021199|0.020758
3.992567|0.000205
3.996873|0.001760
4.023807|0.001687
4.004411|0.016488
4.007063|0.000814
3.986897|0.017624
4.013849|0.000398
3.992054|0.021756
4.008627|0.000307
4.012110|0.000244
4.007165|0.001900
4.001989|0.022749
4.017783|0.017896
4.021017|0.017362
3.992512|0.000338
3.995700|0.000637
4.022849|0.001425
4.003857|0.016859
4.006737|0.002300
3.986473|0.015914
4.013575|0.000205
3.991718|0.021727
4.008546|0.000149
4.012040|0.000094
4.006937|0.002218
4.001873|0.021355
4.017670|0.020118
4.020904|0.018884
3.992427|0.000148
3.995359|0.000422
4.021659|0.001237
4.003576|0.015999
4.006576|0.002377
3.986196|0.015787
4.013398|0.000142
3.991544|0.022821
4.008510|0.000350
4.012005|0.000165
4.006787|0.000902
4.001798|0.021494
4.017606|0.018244
4.020833|0.019348
3.992404|0.000083
3.995129|0.001124
4.020633|0.001118
4.003441|0.016849
4.006515|0.000717
3.986072|0.017097
4.013242|0.000166
3.991453|0.022300
4.008489|0.000655
4.011985|0.000391
4.006674|0.000365
4.001728|0.025266
4.017542|0.016229
4.020770|0.017145
3.992381|0.000093
3.994939|0.000928
4.019805|0.001026
4.003359|0.017251
4.006469|0.000315
3.985999|0.018396
4.013135|0.000216
3.991388|0.021117
4.008471|0.000211
4.011969|0.000165
4.006584|0.000522
4.001649|0.022506
4.017467|0.016456
4.020691|0.016362
3.992361|0.000222
3.994759|0.000300
4.019295|0.000956
4.003303|0.016008
4.006434|0.001567
3.985943|0.015982
4.013065|0.000138
3.991341|0.021568
4.008456|0.000144
4.011956|0.000083
4.006514|0.000943
4.001532|0.021049
4.017348|0.018297
4.020572|0.017602
3.992349|0.000109
3.994572|0.000300
4.018964|0.000894
4.003255|0.015741
4.006408|0.001691
3.985894|0.015847
4.013004|0.000107
3.991306|0.022391
4.008445|0.000350
4.011945|0.000176
4.006459|0.000342
4.001306|0.021754
4.017124|0.017467
4.020362|0.018179
3.992341|0.000061
3.994335|0.000910
4.018746|0.000840
4.003218|0.017174
4.006388|0.000324
3.985861|0.017684
4.012947|0.000149
3.991277|0.021285
4.008436|0.000292
4.011938|0.000221
4.006414|0.000321
4.001082|0.023842
4.016915|0.016076
4.020174|0.016185
3.992329|0.000138
3.994154|0.000343
4.018526|0.000793
4.003189|0.015724
4.006369|0.000726
3.985834|0.016424
4.012906|0.000141
3.991252|0.021383
4.008428|0.000146
4.011930|0.000095
4.006370|0.000615
4.000995|0.021406
4.016843|0.017198
4.020103|0.016780
3.992321|0.000099
3.994044|0.000276
4.018254|0.000748
4.003158|0.015700
4.006352|0.001009
3.985801|0.015919
4.012866|0.000106
3.991228|0.021881
4.008420|0.000169
4.011923|0.000099
4.006330|0.000380
4.000952|0.021550
4.016809|0.017130
4.020069|0.016878
3.992314|0.000069
3.993962|0.000284
4.017865|0.000706
4.003130|0.015768
4.006337|0.000595
3.985774|0.016264
4.012829|0.000095
3.991206|0.021702
4.008414|0.000194
4.011917|0.000121
4.006295|0.000228
4.000923|0.022216
4.016784|0.016608
4.020045|0.016551
3.992307|0.000065
3.993887|0.000262
4.017373|0.000670
4.003108|0.015899
4.006325|0.000405
3.985753|0.016565
4.012795|0.000093
3.991188|0.021365
4.008409|0.000139
4.011912|0.000094
4.006264|0.000219
4.000901|0.022023
4.016764|0.016596
4.020025|0.016298
3.992301|0.000075
3.993817|0.000205
4.017035|0.000638
4.003087|0.015665
4.006313|0.000585
3.985731|0.016087
4.012762|0.000085
3.991171|0.021533
4.008403|0.000119
4.011908|0.000074
4.006231|0.000241
4.000879|0.021581
4.016745|0.016885
4.020005|0.016420
3.992296|0.000066
3.993747|0.000190
4.016884|0.000608
4.003067|0.015661
4.006302|0.000661
3.985711|0.015989
4.012726|0.000077
3.991157|0.021665
4.008398|0.000146
4.011903|0.000086
4.006200|0.000196
4.000856|0.021688
4.016726|0.016847
4.019985|0.016639
3.992291|0.000051
3.993674|0.000261
4.016797|0.000577
4.003051|0.015877
4.006292|0.000346
3.985694|0.016455
4.012691|0.000089
3.991143|0.021461
4.008393|0.000144
4.011899|0.000096
4.006172|0.000236
4.000832|0.022298
4.016701|0.016363
4.019956|0.016142
3.992286|0.000066
3.993577|0.000221
4.016730|0.000552
4.003037|0.015666
4.006283|0.000430
3.985681|0.016203
4.012664|0.000088
3.991131|0.021337
4.008389|0.000099
4.011895|0.000064
4.006150|0.000296
4.000791|0.021498
4.016656|0.016830
4.019899|0.016277
3.992281|0.000061
3.993444|0.000188
4.016670|0.000529
4.003023|0.015692
4.006275|0.000569
3.985666|0.015951
4.012643|0.000077
3.991120|0.021489
4.008386|0.000106
4.011892|0.000064
4.006132|0.000257
4.000691|0.021503
4.016543|0.016849
4.019775|0.016439
3.992278|0.000047
3.993233|0.000203
4.016620|0.000508
4.003012|0.015695
4.006268|0.000395
3.985655|0.016132
4.012626|0.000070
3.991111|0.021518
4.008382|0.000124
4.011889|0.000080
4.006117|0.000164
4.000539|0.022008
4.016402|0.016521
4.019661|0.016243
3.992275|0.000045
3.992922|0.000191
4.016576|0.000488
4.003001|0.015752
4.006262|0.000279
3.985645|0.016369
4.012608|0.000070
3.991102|0.021295
4.008380|0.000094
4.011888|0.000065
4.006102|0.000167
4.000448|0.021792
4.016321|0.016534
4.019583|0.016071
3.992272|0.000056
3.992419|0.000148
4.016538|0.000470
4.002990|0.015687
4.006256|0.000405
3.985634|0.016008
4.012595|0.000066
3.991094|0.021269
4.008378|0.000075
4.011886|0.000049
4.006090|0.000205
4.000404|0.021318
4.016281|0.016919
4.019542|0.016211
3.992270|0.000050
3.991937|0.000144
4.016501|0.000454
4.002981|0.015695
4.006250|0.000535
3.985623|0.015893
4.012581|0.000060
3.991086|0.021436
4.008376|0.000105
4.011883|0.000063
4.006077|0.000163
4.000373|0.021605
4.016254|0.016723
4.019519|0.016335
3.992267|0.000041
3.991736|0.000169
4.016466|0.000438
4.002971|0.015778
4.006245|0.000303
3.985614|0.016229
4.012563|0.000058
