4.163186|0.880706
4.162490|0.713038
4.162217|0.566961
4.162683|0.779387
4.163569|0.720258
4.162614|0.581810
4.163438|0.643763
4.161730|0.496421
4.162074|0.633386
4.162962|0.687369
4.162772|0.597006
4.160788|0.572281
4.162248|0.585375
4.162831|0.692735
4.162558|0.710714
4.160334|0.664828
4.159883|0.551442
4.159966|0.550502
4.160933|0.804421
4.158901|0.701374
4.160125|0.656784
4.157467|0.523759
4.158824|0.495002
4.159570|0.642650
4.159262|0.514147
4.156779|0.596756
4.158597|0.373968
4.160076|0.538745
4.159614|0.677464
4.156283|0.354130
4.156043|0.293699
4.155497|0.237970
4.157073|0.444458
4.155010|0.216535
4.156987|0.481463
4.153653|0.146545
4.156227|0.304599
4.156779|0.333390
4.156465|0.232930
4.153553|0.166839
4.155673|0.104519
4.156537|0.405095
4.157751|0.541105
4.152840|0.081694
4.152318|0.062025
4.151532|0.126529
4.154250|0.344111
4.151141|0.145297
4.154588|0.421016
4.150133|0.077059
4.152331|0.222196
4.154548|0.248800
4.154244|0.177101
4.149552|0.079791
4.152039|0.199694
4.154525|0.198778
4.156388|0.638093
4.148761|0.578113
4.146864|0.355969
4.147647|0.152192
4.151432|0.407162
4.146436|0.180432
4.152352|0.687189
4.145791|0.180397
4.148026|0.299707
4.151487|0.622179
4.151124|0.447636
4.146272|0.286864
4.148829|0.194241
4.150030|0.825365
4.154528|0.623707
4.145328|0.322873
4.142647|0.225497
4.143203|0.153091
4.147217|0.577117
4.140828|0.238692
4.148707|0.562363
4.139753|0.060238
4.143277|0.227864
4.146979|0.302732
4.146250|0.193192
4.137970|0.100635
4.141394|0.125330
4.140393|0.342782
4.150174|0.402867
4.137189|0.114416
4.134293|0.042386
4.131981|0.095385
4.135987|0.345868
4.129202|0.033624
4.142016|0.403698
4.129474|0.033628
4.136264|0.166481
4.139298|0.131178
4.138092|0.090166
4.131356|0.044467
4.131594|0.051667
4.129033|0.428776
4.145484|0.317057
4.126403|0.059325
4.123727|0.020161
4.119090|0.027580
4.125069|0.174275
4.110333|0.025574
4.130352|0.228268
4.112661|0.012373
4.120179|0.148260
4.121653|0.132089
4.119997|0.068538
4.122305|0.026556
4.110420|0.062524
4.100149|0.161392
4.141755|0.410980
4.101018|0.066806
4.098376|0.009982
4.098079|0.040949
4.108622|0.152170
4.080421|0.035998
4.116843|0.349813
4.094583|0.011919
4.101400|0.096752
4.105114|0.229130
4.102908|0.165794
4.105693|0.043562
4.095564|0.036937
4.088416|0.117907
4.126410|0.376058
4.091537|0.046247
4.089198|0.007310
4.083771|0.038494
4.096407|0.082180
4.066777|0.030516
4.106400|0.170126
4.083423|0.020323
4.094904|0.095907
4.087329|0.190309
4.086257|0.163373
4.093548|0.108888
4.089218|0.038399
4.081835|0.075902
4.115616|0.318061
4.084208|0.042210
4.081505|0.006140
4.071524|0.027042
4.087009|0.111437
4.056084|0.028252
4.097584|0.415927
4.072857|0.020271
4.086734|0.055048
4.073458|0.096074
4.072992|0.086508
4.083427|0.072549
4.082131|0.031411
4.074826|0.098721
4.104339|0.256587
4.075901|0.041920
4.073431|0.002623
4.060315|0.031654
4.076625|0.078704
4.044828|0.025196
4.087087|0.136624
4.063145|0.006841
4.077332|0.065869
4.062304|0.048223
4.062389|0.031316
4.075575|0.018835
4.076387|0.023308
4.066096|0.054133
4.097276|0.098652
4.070290|0.043193
4.067890|0.002694
4.051596|0.023113
4.067367|0.047547
4.037430|0.026216
4.076228|0.185734
4.056803|0.013479
4.072974|0.049509
4.057034|0.037249
4.057192|0.025929
4.070800|0.032920
4.072139|0.027068
4.054099|0.063073
4.092363|0.200370
4.066211|0.038468
4.063743|0.003029
4.046248|0.014435
4.057538|0.046715
4.032902|0.023028
4.067922|0.195796
4.052928|0.010139
4.069931|0.048205
4.054200|0.064677
4.054530|0.055172
4.067950|0.037120
4.068033|0.028390
4.034746|0.027926
4.088939|0.273968
4.063020|0.035533
4.060252|0.003231
4.043051|0.009878
4.044787|0.029364
4.029813|0.021171
4.064181|0.081061
4.050398|0.005789
4.066530|0.055890
4.052503|0.046909
4.052785|0.030304
4.065599|0.005317
4.064222|0.026480
4.021215|0.021955
4.084832|0.085899
4.060139|0.038048
4.057027|0.003934
4.040934|0.011268
4.039391|0.023440
4.027598|0.021503
4.060563|0.214941
4.048062|0.011181
4.063295|0.055657
4.050227|0.035332
4.050555|0.020598
4.063235|0.006703
4.060131|0.026198
4.015954|0.014453
4.080147|0.123401
4.057413|0.035862
4.053818|0.002806
4.038394|0.013138
4.035343|0.054787
4.024765|0.022216
4.057165|0.271087
4.045470|0.007926
4.059973|0.051971
4.048044|0.024975
4.048254|0.021748
4.060222|0.007426
4.056431|0.018760
4.011919|0.013476
4.076451|0.050379
4.054440|0.034586
4.050323|0.002527
4.035563|0.010446
4.031813|0.027615
4.021798|0.021342
4.053883|0.091782
4.043205|0.009926
4.057096|0.048523
4.046386|0.020679
4.046721|0.019318
4.057703|0.004522
4.053130|0.020779
4.009909|0.011598
4.073063|0.062332
4.051392|0.031550
4.047597|0.003280
4.034217|0.004915
4.030033|0.019244
4.019894|0.021177
4.051075|0.050618
4.041169|0.010372
4.054442|0.039457
4.045227|0.019939
4.045567|0.018477
4.055542|0.001481
4.050017|0.021866
4.007327|0.004861
4.069475|0.061905
4.048609|0.023404
4.045521|0.006537
4.033061|0.000998
4.027913|0.018839
4.018543|0.021431
4.048549|0.029928
4.039511|0.014891
4.051979|0.034552
4.044415|0.018808
4.044763|0.018874
4.054276|0.000610
4.047862|0.022307
4.003146|0.002363
4.064908|0.028064
4.046679|0.014437
4.044381|0.013270
4.032277|0.000458
4.025061|0.020223
4.017620|0.023352
4.046317|0.029478
4.038369|0.018896
4.049537|0.028306
4.043875|0.018102
4.044218|0.019155
4.053474|0.000297
4.046312|0.034157
3.999565|0.000988
4.059019|0.025091
4.045247|0.029486
4.043582|0.004151
4.031688|0.003111
4.023470|0.017609
4.016973|0.024885
4.044497|0.027381
4.037451|0.003916
4.047328|0.075775
4.043484|0.021352
4.043832|0.019352
4.052896|0.002724
4.044856|0.016938
3.997449|0.001647
4.056049|0.025870
4.043865|0.035389
4.043021|0.001242
4.031286|0.011791
4.022115|0.016563
4.016447|0.020921
4.042898|0.021766
4.036632|0.029503
4.045626|0.044509
4.043192|0.017850
4.043519|0.017477
4.052509|0.005495
4.043574|0.018190
3.995243|0.002045
4.053462|0.030114
4.042786|0.039847
4.042634|0.000385
4.030989|0.021071
4.020883|0.019260
4.016044|0.025431
4.041538|0.018762
4.036033|0.006274
4.044564|0.064688
4.042884|0.039773
4.043210|0.037874
4.052249|0.013931
4.042847|0.003991
3.993853|0.015665
4.052192|0.044379
4.041945|0.013347
4.042336|0.006441
4.030677|0.006684
4.019897|0.016273
4.015692|0.022545
4.040548|0.018380
4.035477|0.018532
4.043521|0.026806
4.042632|0.017156
4.042928|0.016632
4.051963|0.002482
4.041791|0.018747
3.992069|0.004762
4.051132|0.026005
4.041040|0.019674
4.041997|0.005193
4.030444|0.003027
4.018841|0.016864
4.015417|0.021006
4.039528|0.018797
4.034901|0.004963
4.042485|0.047957
4.042387|0.026941
4.042652|0.023273
4.051667|0.000900
4.040598|0.014354
3.990158|0.001977
4.049990|0.024305
4.039936|0.020858
4.041543|0.005313
4.030235|0.001127
4.017702|0.017800
4.015188|0.021940
4.038669|0.019511
4.034372|0.027308
4.041239|0.024792
4.042205|0.015962
4.042442|0.016227
4.051430|0.000532
4.039117|0.023963
3.988091|0.000827
4.048955|0.023817
4.038749|0.026478
4.041060|0.002219
4.030098|0.004330
4.016621|0.016107
4.015017|0.021514
4.037960|0.018953
4.033870|0.002153
4.040061|0.067687
4.041898|0.026424
4.042108|0.023307
4.051125|0.002917
4.037944|0.009767
3.986852|0.002254
4.047760|0.024046
4.037828|0.024495
4.040723|0.001517
4.029949|0.005424
4.015969|0.016037
4.014846|0.020975
4.037340|0.018277
4.033473|0.029841
4.038888|0.031522
4.041619|0.016004
4.041814|0.016102
4.050815|0.001833
4.037042|0.017438
3.986045|0.001441
4.046499|0.022722
4.037162|0.025332
4.040532|0.000946
4.029862|0.004668
4.015549|0.016080
4.014736|0.020879
4.036746|0.017740
4.033163|0.001694
4.037984|0.058475
4.041203|0.033025
4.041383|0.031084
4.050411|0.001676
4.036633|0.008345
3.985571|0.002175
4.045552|0.028038
4.036729|0.016373
4.040364|0.002526
4.029724|0.001053
4.015215|0.016071
4.014584|0.020874
4.036235|0.017891
4.032924|0.027836
4.037161|0.018227
4.040881|0.016624
4.041073|0.016158
4.050102|0.000469
4.036212|0.021943
3.985058|0.001189
4.044787|0.022988
4.036401|0.019366
4.040247|0.002508
4.029651|0.001282
4.014968|0.016151
4.014512|0.021612
4.035910|0.017047
4.032808|0.003623
4.036561|0.051748
4.040583|0.033017
4.040759|0.032228
4.049834|0.000834
4.036091|0.011463
3.984788|0.001177
4.044237|0.032896
4.036242|0.012506
4.040143|0.004678
4.029564|0.000801
4.014726|0.016674
4.014410|0.021213
4.035414|0.017920
4.032649|0.014832
4.035939|0.023228
4.040414|0.019650
4.040596|0.018745
4.049699|0.000328
4.035861|0.024101
3.984467|0.000804
4.043501|0.041210
4.036049|0.024186
4.040015|0.002847
4.029475|0.000823
4.014496|0.016445
4.014309|0.022793
4.035073|0.017519
4.032534|0.007928
4.035261|0.040725
4.040122|0.022533
4.040293|0.022857
4.049495|0.000417
4.035672|0.020682
3.984151|0.000489
4.043092|0.027980
4.035925|0.026858
4.039936|0.003138
4.029417|0.003454
4.014359|0.016322
4.014244|0.023079
4.034762|0.019514
4.032454|0.014016
4.034513|0.052977
4.039808|0.017991
4.039974|0.017599
4.049366|0.001145
4.035512|0.013482
3.983750|0.000536
4.042174|0.024139
4.035788|0.036122
4.039820|0.000343
4.029345|0.010869
4.014135|0.016715
4.014149|0.021003
4.034305|0.018048
4.032356|0.010096
4.033628|0.059909
4.039399|0.019538
4.039621|0.020046
4.049276|0.007673
4.035393|0.005888
3.983540|0.005935
4.041352|0.027654
4.035672|0.023053
4.039730|0.000533
4.029285|0.011549
4.014002|0.018430
4.014089|0.025392
4.034004|0.016712
4.032273|0.013164
4.032539|0.037873
4.038977|0.017170
4.039313|0.017314
4.049183|0.002663
4.035241|0.006913
3.983305|0.006111
4.040531|0.025594
4.035546|0.016731
4.039644|0.002267
4.029219|0.002973
4.013890|0.015889
4.014020|0.021747
4.033732|0.016575
4.032201|0.011270
4.031326|0.032652
4.038508|0.017479
4.039025|0.017308
4.049116|0.000357
4.035131|0.006857
3.983080|0.001689
4.039650|0.025287
4.035449|0.010241
4.039582|0.003817
4.029167|0.000456
4.013787|0.018019
4.013964|0.022788
4.033503|0.016686
4.032131|0.009381
4.030281|0.028605
4.038135|0.020012
4.038811|0.019574
4.049044|0.000079
4.035021|0.011222
3.982904|0.000423
4.038954|0.022300
4.035343|0.006445
4.039526|0.008167
4.029119|0.000307
4.013682|0.021346
4.013919|0.026303
4.033309|0.020124
4.032067|0.007999
4.029452|0.040498
4.037968|0.017957
4.038697|0.020317
4.048975|0.000067
4.034918|0.025038
3.982788|0.000244
4.038486|0.027647
4.035246|0.035341
4.039463|0.000371
4.029076|0.008097
4.013581|0.015937
4.013871|0.021484
4.033199|0.018241
4.032010|0.010770
4.028737|0.062840
4.037895|0.019462
4.038637|0.019331
4.048919|0.003774
4.034796|0.007798
3.982676|0.001651
4.038059|0.024011
4.035128|0.029949
4.039434|0.000495
4.029044|0.012330
4.013502|0.018170
4.013828|0.023429
4.032972|0.016508
4.031907|0.009304
4.027792|0.042427
4.037810|0.017291
4.038570|0.018074
4.048857|0.003127
4.034626|0.006572
3.982517|0.004748
4.037672|0.024560
4.034946|0.018423
4.039371|0.000906
4.028995|0.005165
4.013405|0.016144
4.013773|0.022368
4.032796|0.016398
4.031797|0.008770
4.027209|0.030989
4.037750|0.016935
4.038515|0.016567
4.048807|0.000466
4.034441|0.006134
3.982364|0.001527
4.037324|0.023540
4.034774|0.013767
4.039313|0.002229
4.028942|0.000999
4.013319|0.017257
4.013719|0.021824
4.032680|0.017099
4.031701|0.007640
4.026774|0.030341
4.037691|0.016643
4.038459|0.016895
4.048750|0.000090
4.034315|0.012841
3.982222|0.000261
4.037086|0.022835
4.034654|0.018234
4.039266|0.001566
4.028902|0.000814
4.013232|0.017818
4.013681|0.024081
4.032580|0.018935
4.031636|0.005184
4.026526|0.053927
4.037641|0.016849
4.038409|0.016676
4.048697|0.000402
4.034225|0.006076
3.982049|0.000339
4.036872|0.022382
4.034581|0.025391
4.039218|0.000323
4.028866|0.004911
4.013130|0.016242
4.013635|0.020852
4.032424|0.016885
4.031575|0.003808
4.026341|0.048355
4.037603|0.016414
4.038375|0.016780
4.048655|0.000636
4.034153|0.003618
3.981911|0.000951
4.036678|0.022382
4.034518|0.020967
4.039181|0.000289
4.028831|0.002816
4.013047|0.015962
4.013595|0.021346
4.032311|0.016395
4.031515|0.004012
4.026163|0.033886
4.037565|0.016010
4.038338|0.016527
4.048608|0.000558
4.034079|0.002561
3.981762|0.001594
4.036545|0.021797
4.034445|0.015407
4.039145|0.001237
4.028795|0.000660
4.012958|0.016010
4.013560|0.021082
4.032222|0.016191
4.031468|0.003269
4.026006|0.028068
4.037527|0.016755
4.038301|0.016143
4.048572|0.000134
4.034027|0.002445
3.981562|0.000473
4.036370|0.021475
4.034394|0.009812
4.039112|0.001920
4.028761|0.000236
4.012818|0.018311
4.013529|0.025053
4.032145|0.016686
4.031427|0.002442
4.025886|0.024785
4.037489|0.019948
4.038265|0.019407
4.048537|0.000032
4.033982|0.010627
3.981272|0.000145
4.036251|0.023064
4.034348|0.017952
4.039080|0.001032
4.028724|0.000565
4.012588|0.016314
4.013500|0.025071
4.032085|0.016994
4.031398|0.002482
4.025843|0.041495
4.037444|0.015932
4.038222|0.016278
4.048501|0.000063
4.033938|0.009523
3.980825|0.000143
4.137679|1.092732
4.150188|1.247413
4.149675|1.026279
4.147245|1.121408
4.148402|1.038436
4.141073|0.711493
4.128074|0.871731
4.130051|0.756549
4.110997|0.589499
4.141856|0.802951
4.122406|0.539699
4.118604|0.500622
4.131164|0.434368
4.113630|0.413872
4.087605|0.425085
4.133572|0.426080
4.140258|0.654841
4.120348|0.961172
4.128450|0.401661
4.102919|0.426475
4.109453|0.702736
4.111770|0.613743
4.084282|0.630564
4.120405|0.335428
4.099635|0.363652
4.092757|0.285643
4.111583|0.138287
4.096138|0.272675
4.071038|0.257090
4.116066|0.222475
4.122003|0.444563
4.107057|0.488719
4.112374|0.150431
4.086091|0.146340
4.093553|0.224151
4.094295|0.144652
4.069519|0.076957
4.100754|0.089668
4.083802|0.074620
4.075878|0.107037
4.094294|0.067539
4.079401|0.032588
4.055248|0.032980
4.095083|0.065764
4.103812|0.199264
4.092753|0.267532
4.095387|0.121306
4.068959|0.040894
4.078194|0.158135
4.080677|0.083866
4.056360|0.026131
4.084013|0.040606
4.069297|0.026145
4.061920|0.028132
4.081885|0.028017
4.066823|0.029438
4.041702|0.075031
4.082633|0.028219
4.091723|0.108893
4.081901|0.073516
4.084847|0.032923
4.060552|0.009032
4.066392|0.040329
4.069950|0.037874
4.048222|0.027839
4.076149|0.022142
4.063001|0.020335
4.056011|0.014436
4.075027|0.025714
4.062316|0.006699
4.036883|0.024513
4.074834|0.021556
4.085190|0.263805
4.075452|0.133736
4.081470|0.062697
4.052729|0.013032
4.062131|0.063892
4.065636|0.015135
4.044689|0.021766
4.066211|0.019265
4.060210|0.020960
4.052744|0.005746
4.056370|0.027019
4.059594|0.002191
4.034952|0.021373
4.063069|0.020324
4.072292|0.104363
4.069995|0.072976
4.077321|0.051690
4.043996|0.004506
4.054609|0.087827
4.055743|0.087588
4.041889|0.024398
4.060706|0.018971
4.058193|0.018334
4.050112|0.009735
4.048270|0.025211
4.057277|0.003562
4.032294|0.023213
4.057764|0.022151
4.056746|0.084673
4.057603|0.063246
4.064585|0.017911
4.040438|0.004626
4.041499|0.010116
4.046062|0.004916
4.039525|0.020241
4.054335|0.020008
4.055029|0.016822
4.046903|0.007921
4.038787|0.024892
4.053408|0.001606
4.029908|0.024467
4.051782|0.032810
4.047056|0.079109
4.050260|0.115081
4.057046|0.020279
4.036307|0.001643
4.033832|0.005582
4.039106|0.005359
4.037392|0.023032
4.049388|0.016436
4.051654|0.016199
4.043955|0.008685
4.033745|0.023312
4.050115|0.003121
4.026960|0.024024
4.048637|0.017909
4.041453|0.136631
4.044836|0.039209
4.052463|0.017014
4.033697|0.003993
4.030517|0.004115
4.035791|0.003149
4.036338|0.020400
4.046391|0.017831
4.049108|0.016573
4.041817|0.003609
4.031133|0.027275
4.047451|0.001241
4.026236|0.022419
4.045833|0.023613
4.040001|0.169256
4.043093|0.147326
4.050055|0.118936
4.031207|0.001049
4.029368|0.020641
4.034611|0.028872
4.035993|0.027577
4.044715|0.019292
4.047480|0.019190
4.040045|0.008546
4.029330|0.023267
4.045520|0.006803
4.026319|0.030163
4.043638|0.018654
4.040458|0.283247
4.042995|0.179390
4.044502|0.139444
4.024848|0.008427
4.028858|0.113939
4.033981|0.097496
4.035962|0.030428
4.036500|0.016328
4.039387|0.018557
4.032253|0.004448
4.021531|0.024458
4.037003|0.002863
4.025961|0.028227
4.036186|0.016474
4.038287|0.142879
4.040644|0.041378
4.040085|0.041781
4.022438|0.001960
4.027555|0.020412
4.032776|0.030822
4.035628|0.026082
4.035531|0.019372
4.038400|0.018586
4.031226|0.009034
4.020471|0.024419
4.036233|0.006051
4.025719|0.024316
4.035257|0.017441
4.037954|0.145230
4.039769|0.113755
4.039721|0.080289
4.021944|0.004964
4.027031|0.069901
4.032171|0.065143
4.035452|0.019175
4.034530|0.017580
4.037586|0.018290
4.030445|0.005005
4.019577|0.022968
4.035255|0.003615
4.025435|0.022052
4.034142|0.016324
4.036603|0.064250
4.037952|0.031101
4.037667|0.026709
4.020865|0.001406
4.025080|0.004864
4.030107|0.002642
4.035156|0.018537
4.033782|0.017459
4.036909|0.018001
4.029682|0.005003
4.018669|0.021866
4.034633|0.004692
4.025143|0.023402
4.033403|0.016305
4.034408|0.028142
4.035561|0.003828
4.035576|0.017245
4.020340|0.001131
4.023345|0.004750
4.028501|0.002971
4.034935|0.016801
4.033279|0.017849
4.036480|0.018606
4.029207|0.004590
4.018049|0.021334
4.034148|0.005183
4.024910|0.021487
4.032672|0.016294
4.033445|0.020460
4.034468|0.001532
4.034673|0.016104
4.019853|0.001283
4.022682|0.004922
4.027912|0.003158
4.034775|0.016301
4.032745|0.016826
4.036019|0.017573
4.028757|0.004862
4.017470|0.021478
4.033648|0.004792
4.024754|0.023929
4.032002|0.016239
4.033013|0.024321
4.034003|0.000568
4.034110|0.016040
4.019286|0.000839
4.022355|0.001934
4.027584|0.001766
4.034626|0.016210
4.032096|0.019319
4.035593|0.021637
4.028327|0.001955
4.016325|0.022809
4.033206|0.003368
4.024660|0.020973
4.030710|0.016602
4.031960|0.018769
4.033723|0.000822
4.033696|0.017167
4.016971|0.003186
4.022160|0.004079
4.027373|0.003725
4.034544|0.015853
4.029254|0.018934
4.035288|0.021891
4.028010|0.001529
4.011076|0.023611
4.032889|0.001903
4.024539|0.023204
4.028386|0.015808
4.029873|0.024738
4.033536|0.000467
4.033377|0.015988
4.015799|0.003864
4.022019|0.001030
4.027227|0.000990
4.034478|0.017240
4.028716|0.016119
4.035041|0.018217
4.027752|0.002910
4.010574|0.022882
4.032656|0.001991
4.024482|0.021609
4.028049|0.015946
4.029588|0.017913
4.033340|0.001208
4.033182|0.015790
4.015591|0.002617
4.021823|0.002726
4.027076|0.002428
4.034410|0.016459
4.028513|0.015781
4.034917|0.017045
4.027615|0.003663
4.010283|0.022178
4.032530|0.002333
4.024405|0.022104
4.027846|0.015846
4.029362|0.022337
4.033196|0.000525
4.033055|0.015832
4.015465|0.001505
4.021554|0.001410
4.026965|0.001951
4.034358|0.015999
4.028252|0.016016
4.034830|0.017735
4.027534|0.003097
4.009685|0.022472
4.032439|0.002814
4.024377|0.020981
4.027160|0.015802
4.028219|0.018721
4.033091|0.000529
4.032962|0.015828
4.015399|0.001574
4.018876|0.001943
4.026898|0.002336
4.034328|0.015948
4.024950|0.016735
4.034787|0.019652
4.027493|0.002038
4.002803|0.022532
4.032398|0.002670
4.024346|0.021574
4.023942|0.015950
4.025580|0.020707
4.033041|0.000334
4.032905|0.015934
4.015398|0.002002
4.017781|0.001804
4.026842|0.002696
4.034304|0.015706
4.024474|0.016564
4.034740|0.019626
4.027442|0.001874
4.002432|0.022758
4.032338|0.002282
4.024294|0.020868
4.023803|0.015798
4.025409|0.019556
4.032942|0.000354
4.032803|0.015959
4.015308|0.002404
4.017649|0.001355
4.026712|0.002134
4.034239|0.015819
4.024343|0.016098
4.034667|0.018914
4.027365|0.002017
4.002209|0.022676
4.032255|0.002096
4.024232|0.020890
4.023638|0.015723
4.025207|0.019088
4.032834|0.000372
4.032673|0.015794
4.015214|0.002176
4.017465|0.001501
4.026588|0.002464
4.034190|0.015752
4.024132|0.015872
4.034575|0.018150
4.027277|0.002318
4.001742|0.022383
4.032149|0.002179
4.024172|0.021078
4.023244|0.015713
4.024755|0.019441
4.032676|0.000355
4.032471|0.015732
4.015105|0.001851
4.016607|0.001455
4.026384|0.002634
4.034147|0.015683
4.022706|0.015821
4.034451|0.017845
4.027164|0.002365
3.996362|0.022416
4.032017|0.002172
4.024136|0.020973
4.017771|0.015708
4.018631|0.019411
4.032389|0.000321
4.032017|0.015722
4.015146|0.001665
4.009586|0.001195
4.025882|0.002300
4.034150|0.015710
4.016736|0.015850
4.034393|0.017925
4.027191|0.002374
3.987448|0.022341
4.031980|0.002450
4.024009|0.020911
4.015998|0.015750
4.016765|0.018850
4.031649|0.000294
4.031272|0.015725
4.015030|0.001501
4.008723|0.001232
4.025236|0.002332
4.033683|0.015688
4.016459|0.016055
4.033952|0.018587
4.027033|0.002098
3.986902|0.022179
4.031628|0.002714
4.023452|0.020986
4.015761|0.015878
4.016281|0.018571
4.031091|0.000260
4.030807|0.015767
4.014889|0.001568
4.008171|0.001361
4.024743|0.002513
4.033281|0.015660
4.016360|0.016387
4.033543|0.019318
4.026958|0.001868
3.986685|0.022115
4.031420|0.002788
4.023137|0.021115
4.015644|0.015997
4.015984|0.018639
4.030640|0.000233
4.030438|0.015849
4.014819|0.001805
4.007633|0.001382
4.024086|0.002623
4.032541|0.015653
4.016295|0.016539
4.032799|0.019788
4.026915|0.001638
3.986599|0.022324
4.030910|0.002465
4.022117|0.021018
4.015591|0.015877
4.015306|0.018574
4.029287|0.000225
4.029243|0.015949
4.014794|0.002324
4.006315|0.001198
4.022880|0.002477
4.031532|0.015656
4.016283|0.016221
4.031816|0.019535
4.026885|0.001519
3.986546|0.022639
4.030405|0.001960
4.021272|0.020929
4.015541|0.015703
4.014872|0.018408
4.028440|0.000258
4.028520|0.015809
4.014741|0.002535
4.005660|0.001062
4.022259|0.002380
4.031000|0.015683
4.016197|0.015723
4.031297|0.017567
4.026832|0.002241
3.986463|0.022298
4.030131|0.001953
4.020903|0.020911
4.015471|0.015720
4.014556|0.018266
4.027982|0.000321
4.028201|0.015729
4.014684|0.001671
4.005283|0.001009
4.021890|0.002342
4.030569|0.015676
4.016050|0.015691
4.030955|0.017073
4.026795|0.002436
3.986403|0.022281
4.029878|0.002048
4.020539|0.020912
4.015416|0.015695
4.014354|0.018131
4.027613|0.000291
4.027960|0.015761
4.014640|0.001351
4.005039|0.000848
4.021676|0.002046
4.030372|0.015683
4.015950|0.015713
4.030810|0.017256
4.026747|0.002460
3.986331|0.021976
4.029782|0.002568
4.020422|0.020872
4.015350|0.015735
4.014194|0.017696
4.027470|0.000229
4.027859|0.015701
4.014587|0.001274
4.004915|0.000752
4.021556|0.001815
4.030280|0.015678
4.015878|0.015936
4.030745|0.018230
4.026705|0.002107
3.986267|0.021803
4.029720|0.003141
4.020352|0.020875
4.015301|0.015986
4.014091|0.017244
4.027381|0.000184
4.027783|0.015723
4.014551|0.001451
4.004833|0.000840
4.021484|0.001922
4.030232|0.015652
4.015826|0.016329
4.030702|0.019538
4.026677|0.001588
3.986214|0.022065
4.029679|0.002732
4.020313|0.021030
4.015264|0.016015
4.014017|0.017017
4.027313|0.000178
4.027731|0.015926
4.014527|0.001809
4.004778|0.001208
4.021433|0.002396
4.030200|0.015647
4.015790|0.016637
4.030674|0.020367
4.026656|0.001428
3.986174|0.022250
4.029653|0.002321
4.020282|0.021886
4.015234|0.015846
4.013962|0.017607
4.027257|0.000183
4.027691|0.016058
4.014508|0.002458
4.004736|0.001645
4.021391|0.003027
4.030176|0.015648
4.015756|0.016235
4.030649|0.019805
4.026638|0.001438
3.986141|0.022536
4.029628|0.001774
4.020258|0.021818
4.015209|0.015681
4.013921|0.018383
4.027210|0.000221
4.027652|0.015762
4.014487|0.002441
4.004700|0.001424
4.021355|0.003167
4.030156|0.015646
4.015724|0.015674
4.030622|0.016962
4.026620|0.002166
3.986111|0.022300
4.029600|0.001774
4.020236|0.020981
4.015184|0.015795
4.013883|0.018431
4.027165|0.000330
4.027611|0.015770
4.014458|0.001441
4.004661|0.000694
4.021319|0.001778
4.030129|0.015709
4.015696|0.015677
4.030594|0.016606
4.026597|0.002526
3.986083|0.022073
4.029566|0.002323
4.020216|0.020898
4.015152|0.015675
4.013842|0.017213
4.027123|0.000245
4.027568|0.015758
4.014426|0.001191
4.004623|0.000466
4.021283|0.001004
4.030100|0.015846
4.015660|0.015788
4.030551|0.017751
4.026560|0.002183
3.986037|0.021709
4.029514|0.003240
4.020192|0.020853
4.015106|0.015946
4.013805|0.016725
4.027080|0.000164
4.027508|0.015690
4.014373|0.001339
4.004586|0.000546
4.021245|0.001260
4.030075|0.015678
4.015601|0.016099
4.030482|0.019162
4.026500|0.001486
3.985967|0.022089
4.029435|0.002680
4.020167|0.020862
4.015040|0.015921
4.013772|0.016664
4.027037|0.000147
4.027432|0.015825
4.014314|0.001796
4.004550|0.000690
4.021206|0.001713
4.030057|0.015642
4.015529|0.016021
4.030414|0.019131
4.026450|0.001367
3.985907|0.022397
4.029379|0.002051
4.020143|0.020972
4.014986|0.015698
4.013740|0.016680
4.026997|0.000164
4.027380|0.015758
4.014287|0.001852
4.004514|0.000852
4.021163|0.002148
4.030033|0.015642
4.015489|0.015743
4.030374|0.017857
4.026433|0.001712
3.985877|0.022075
4.029349|0.002189
4.020111|0.021173
4.014962|0.015676
4.013706|0.016856
4.026953|0.000188
4.027339|0.015677
4.014273|0.001574
4.004466|0.001020
4.021104|0.002483
4.029993|0.015641
4.015467|0.015694
4.030324|0.017261
4.026423|0.001925
3.985859|0.021899
4.029312|0.002309
4.020047|0.021218
4.014947|0.015673
4.013662|0.017287
4.026893|0.000176
4.027283|0.015676
4.014263|0.001327
4.004386|0.000823
4.020987|0.002298
4.029890|0.015643
4.015441|0.015714
4.030211|0.017205
4.026421|0.001947
3.985847|0.021918
4.029233|0.002465
4.019862|0.020893
4.014936|0.015696
4.013531|0.017330
4.026815|0.000149
4.027173|0.015671
4.014256|0.001431
4.004150|0.000432
4.020289|0.001311
4.029436|0.015647
4.015177|0.015783
4.029876|0.017555
4.026431|0.001925
3.985857|0.021917
4.028618|0.003013
4.017507|0.021012
4.014900|0.015817
4.012618|0.016478
4.026295|0.000116
4.026189|0.015697
4.014287|0.001487
4.001678|0.000243
4.018800|0.000520
4.028515|0.015962
4.014251|0.016013
4.028801|0.018738
4.026442|0.001519
3.985863|0.021944
4.027736|0.002860
4.017063|0.020908
4.013856|0.015893
4.012350|0.016144
4.024250|0.000117
4.025831|0.015750
4.014261|0.001695
4.000296|0.000345
4.018224|0.000857
4.028264|0.015708
4.014084|0.016167
4.028647|0.019182
4.026423|0.001345
3.985838|0.022075
4.027637|0.002651
4.129742|1.237575
4.138356|1.096231
4.132573|1.219152
4.142285|0.734575
4.132310|0.888627
4.126333|0.527642
4.128208|0.586078
4.134848|0.616348
4.113968|0.702715
4.108310|0.878588
4.105874|0.688215
4.115440|0.427167
4.103650|0.538918
4.119594|0.293066
4.100069|0.282028
4.103914|0.279050
4.089684|0.537615
4.110418|0.174339
4.100373|0.317717
4.097539|0.136034
4.091628|0.177043
4.112197|0.086546
4.096304|0.216859
4.081871|0.269493
4.082237|0.214989
4.085525|0.100759
4.083281|0.138934
4.092230|0.063561
4.076159|0.036594
4.082627|0.042424
4.082025|0.236184
4.091380|0.049881
4.083565|0.411902
4.080131|0.148013
4.081409|0.088688
4.083426|0.064691
4.081468|0.434327
4.073707|0.703889
4.074319|0.546439
4.066717|0.284659
4.074557|0.397503
4.075446|0.209267
4.069436|0.066431
4.075909|0.058053
4.077600|0.614440
4.084028|0.220930
4.075999|0.270177
4.072868|0.132520
4.073969|0.038781
4.074216|0.082962
4.073497|0.232930
4.065627|0.357669
4.066477|0.394909
4.057767|0.096822
4.068300|0.259990
4.067451|0.018623
4.064554|0.097776
4.071140|0.077575
4.072869|0.406992
4.076597|0.032826
4.069863|0.116005
4.065144|0.115819
4.068854|0.044807
4.065161|0.041044
4.067242|0.120400
4.062689|0.181956
4.062555|0.091033
4.051789|0.032489
4.063498|0.073601
4.062231|0.006759
4.060117|0.012386
4.066728|0.007079
4.058866|0.179155
4.070025|0.002659
4.066169|0.069511
4.051950|0.015993
4.064322|0.018133
4.062404|0.056428
4.054542|0.224574
4.051772|0.079544
4.045451|0.186682
4.042027|0.100712
4.048728|0.336318
4.059383|0.026492
4.055942|0.006613
4.063578|0.017431
4.038929|0.199566
4.067878|0.046299
4.063937|0.132956
4.043284|0.020217
4.060456|0.174140
4.060908|0.013566
4.045993|0.097619
4.044903|0.161496
4.037182|0.118240
4.034741|0.091913
4.042897|0.091067
4.054718|0.019028
4.048539|0.154896
4.060513|0.078002
4.036294|0.093436
4.064841|0.062634
4.062265|0.106949
4.039789|0.037535
4.055995|0.161385
4.059624|0.003117
4.041916|0.143173
4.044724|0.015800
4.034206|0.090601
4.031324|0.049653
4.040649|0.033825
4.051490|0.023013
4.046788|0.090941
4.058515|0.033735
4.034462|0.027313
4.060182|0.002940
4.060084|0.004113
4.036170|0.004993
4.053699|0.036516
4.055423|0.002201
4.038777|0.022330
4.041911|0.009672
4.031771|0.003778
4.028332|0.001749
4.038146|0.005368
4.049486|0.004015
4.044080|0.038458
4.055699|0.010364
4.032897|0.016354
4.057192|0.002643
4.057981|0.002983
4.032905|0.002528
4.050415|0.001246
4.053817|0.000445
4.037672|0.003900
4.041277|0.002625
4.031241|0.005354
4.027346|0.002727
4.037277|0.002766
4.048718|0.001033
4.041162|0.097058
4.052715|0.089651
4.031761|0.002510
4.052317|0.009258
4.053075|0.002498
4.025386|0.001223
4.041773|0.002123
4.052488|0.000740
4.036448|0.002332
4.040356|0.002990
4.030283|0.001553
4.025994|0.000169
4.036368|0.000500
4.047607|0.000182
4.032398|0.001289
4.044393|0.001943
4.030420|0.000506
4.043949|0.003403
4.046571|0.000670
4.020059|0.000277
4.039174|0.002351
4.048400|0.000270
4.034572|0.000581
4.039305|0.000621
4.029543|0.001574
4.023269|0.000165
4.035456|0.000601
4.043939|0.000169
4.030396|0.001294
4.042945|0.000501
4.026837|0.000705
4.040105|0.000463
4.043818|0.000709
4.016024|0.000365
4.037848|0.000495
4.040820|0.000196
4.029850|0.000401
4.036986|0.000667
4.027977|0.000865
4.017762|0.000220
4.033546|0.000398
4.037200|0.000349
4.027807|0.000739
4.041817|0.000673
4.024579|0.000445
4.033724|0.000189
4.039341|0.000389
4.010495|0.000222
4.036696|0.000465
4.034815|0.000105
4.026895|0.000219
4.035484|0.000344
4.026329|0.000324
4.015738|0.000080
4.031587|0.000180
4.034232|0.000073
4.023859|0.000208
4.035996|0.000126
4.023610|0.000290
4.032186|0.000084
4.038254|0.000231
4.009258|0.000115
4.028749|0.000113
4.033599|0.000084
4.026344|0.000159
4.027805|0.000231
4.018713|0.000219
4.008287|0.000054
4.024587|0.000133
4.025764|0.000048
4.018311|0.000118
4.032715|0.000076
4.023031|0.000234
4.031322|0.000065
4.037447|0.000178
4.008368|0.000084
4.027667|0.000075
4.033061|0.000070
4.025929|0.000133
4.027318|0.000194
4.018238|0.000181
4.007827|0.000043
4.024176|0.000112
4.025302|0.000038
4.017596|0.000085
4.032048|0.000058
4.022591|0.000203
4.030652|0.000056
4.036859|0.000152
4.007799|0.000071
4.027157|0.000059
4.032674|0.000061
4.025671|0.000116
4.027046|0.000171
4.017992|0.000160
4.007590|0.000037
4.023960|0.000099
4.025079|0.000032
4.017179|0.000068
4.031658|0.000049
4.022393|0.000182
4.030197|0.000050
4.036469|0.000136
4.007371|0.000063
4.026774|0.000050
4.032458|0.000054
4.025536|0.000105
4.026913|0.000155
4.017866|0.000146
4.007442|0.000033
4.023828|0.000089
4.024970|0.000028
4.016893|0.000059
4.031396|0.000042
4.022273|0.000166
4.029920|0.000046
4.036259|0.000124
4.007118|0.000057
4.026558|0.000043
4.032297|0.000049
4.025414|0.000096
4.026836|0.000143
4.017779|0.000135
4.007298|0.000030
4.023705|0.000082
4.024890|0.000026
4.016738|0.000052
4.031270|0.000037
4.022158|0.000153
4.029720|0.000043
4.036138|0.000115
4.006920|0.000053
4.026392|0.000039
4.032136|0.000045
4.025279|0.000089
4.026787|0.000133
4.017725|0.000126
4.007146|0.000027
4.023580|0.000076
4.024824|0.000024
4.016645|0.000047
4.031178|0.000034
4.022030|0.000143
4.029533|0.000041
4.036049|0.000107
4.006730|0.000050
4.026213|0.000035
4.031962|0.000042
4.025134|0.000084
4.026752|0.000124
4.017689|0.000118
4.006983|0.000026
4.023428|0.000071
4.024779|0.000022
4.016574|0.000043
4.031111|0.000031
4.021879|0.000134
4.029339|0.000038
4.035985|0.000100
4.006542|0.000047
4.026029|0.000033
4.031801|0.000039
4.024996|0.000079
4.026720|0.000117
4.017651|0.000111
4.006843|0.000024
4.023293|0.000067
4.024740|0.000020
4.016513|0.000040
4.031056|0.000029
4.021747|0.000126
4.029183|0.000037
4.035934|0.000094
4.006395|0.000045
4.025890|0.000031
4.031680|0.000037
4.024894|0.000075
4.026690|0.000110
4.017615|0.000106
4.006749|0.000023
4.023203|0.000063
4.024702|0.000019
4.016459|0.000037
4.031009|0.000027
4.021667|0.000119
4.029068|0.000035
4.035891|0.000089
4.006297|0.000043
4.025806|0.000029
4.031605|0.000035
4.024837|0.000071
4.026668|0.000105
4.017586|0.000101
4.006694|0.000021
4.023155|0.000060
4.024668|0.000018
4.016410|0.000035
4.030965|0.000026
4.021623|0.000113
4.028993|0.000034
4.035851|0.000084
4.006230|0.000041
4.025749|0.000027
4.031552|0.000033
4.024799|0.000067
4.026649|0.000099
4.017560|0.000096
4.006652|0.000020
4.023118|0.000057
4.024636|0.000017
4.016367|0.000032
4.030923|0.000025
4.021589|0.000108
4.028934|0.000032
4.035816|0.000080
4.006176|0.000039
4.025699|0.000026
4.031510|0.000031
4.024765|0.000064
4.026632|0.000095
4.017537|0.000092
4.006613|0.000019
4.023085|0.000054
4.024606|0.000016
4.016326|0.000031
4.030883|0.000023
4.021560|0.000103
4.028881|0.000031
4.035785|0.000076
4.006125|0.000037
4.025649|0.000024
4.031472|0.000030
4.024730|0.000062
4.026617|0.000091
4.017514|0.000088
4.006572|0.000018
4.023050|0.000052
4.024576|0.000016
4.016284|0.000029
4.030843|0.000022
4.021532|0.000098
4.028831|0.000030
4.035754|0.000073
4.006074|0.000036
4.025596|0.000023
4.031436|0.000029
4.024693|0.000059
4.026603|0.000087
4.017490|0.000085
4.006535|0.000018
4.023014|0.000050
4.024552|0.000015
4.016238|0.000028
4.030800|0.000021
4.021506|0.000094
4.028778|0.000029
4.035718|0.000070
4.006017|0.000034
4.025535|0.000022
4.031405|0.000028
4.024662|0.000057
4.026587|0.000084
4.017468|0.000081
4.006506|0.000017
4.022985|0.000048
4.024533|0.000014
4.016172|0.000026
4.030731|0.000020
4.021483|0.000090
4.028697|0.000028
4.035648|0.000067
4.005928|0.000033
4.025429|0.000021
4.031381|0.000027
4.024643|0.000055
4.026568|0.000081
4.017448|0.000078
4.006488|0.000016
4.022964|0.000046
4.024520|0.000014
4.016063|0.000025
4.030614|0.000019
4.021461|0.000087
4.028578|0.000027
4.035529|0.000065
4.005817|0.000032
4.025335|0.000020
4.031359|0.000026
4.024630|0.000053
4.026546|0.000078
4.017428|0.000076
4.006470|0.000016
4.022943|0.000044
4.024507|0.000013
4.016002|0.000024
4.030556|0.000019
4.021435|0.000084
4.028518|0.000026
4.035470|0.000063
4.005766|0.000031
4.025290|0.000020
4.031336|0.000025
4.024613|0.000051
4.026519|0.000075
4.017406|0.000073
4.006453|0.000015
4.022919|0.000042
4.024489|0.000013
4.015960|0.000023
4.030522|0.000018
4.021399|0.000081
4.028483|0.000025
4.035429|0.000061
4.005734|0.000030
4.025259|0.000019
4.031309|0.000024
4.024599|0.000049
4.026480|0.000072
4.017381|0.000071
4.006438|0.000015
4.022892|0.000041
4.024476|0.000012
4.015928|0.000022
4.030493|0.000017
4.021354|0.000078
4.028453|0.000025
4.035384|0.000059
4.005705|0.000029
4.025229|0.000018
4.031279|0.000023
4.024588|0.000048
4.026432|0.000070
4.017354|0.000069
4.006426|0.000014
4.022863|0.000040
4.024466|0.000012
4.015899|0.000021
4.030462|0.000017
4.021312|0.000075
4.028422|0.000024
4.035336|0.000057
4.005673|0.000028
4.025197|0.000018
4.031251|0.000022
4.024578|0.000046
4.026398|0.000068
4.017333|0.000067
4.006415|0.000014
4.022843|0.000038
4.024456|0.000012
4.015869|0.000021
4.030430|0.000016
4.021288|0.000073
4.028388|0.000023
4.035298|0.000055
4.005638|0.000027
4.025166|0.000017
4.031232|0.000021
4.024569|0.000045
4.026381|0.000066
4.017316|0.000065
4.006405|0.000013
4.022829|0.000037
4.024446|0.000011
4.015842|0.000020
4.030404|0.000016
4.021274|0.000070
4.028357|0.000023
4.035275|0.000053
4.005610|0.000027
4.025143|0.000016
4.031217|0.000021
4.024560|0.000044
4.026366|0.000064
4.017300|0.000063
4.006394|0.000013
4.022817|0.000036
4.024436|0.000011
4.015821|0.000019
4.030385|0.000015
4.021260|0.000068
4.028334|0.000022
4.035258|0.000052
4.005590|0.000026
4.025127|0.000016
4.031203|0.000020
4.024551|0.000042
4.026351|0.000062
4.017285|0.000061
4.006384|0.000013
4.022805|0.000035
4.024428|0.000011
4.015804|0.000019
4.030369|0.000015
4.021247|0.000066
4.028316|0.000022
4.035242|0.000050
4.005574|0.000025
4.025114|0.000016
4.031189|0.000019
4.024544|0.000041
4.026336|0.000060
4.017271|0.000060
4.006376|0.000012
4.022793|0.000034
4.024419|0.000010
4.015790|0.000018
4.030354|0.000014
4.021235|0.000065
4.028300|0.000021
4.035226|0.000049
4.005560|0.000025
4.025101|0.000015
4.031176|0.000019
4.024537|0.000040
4.026320|0.000059
4.017258|0.000058
4.006368|0.000012
4.022781|0.000033
4.024413|0.000010
4.015777|0.000018
4.030340|0.000014
4.021224|0.000063
4.028287|0.000021
4.035211|0.000048
4.005548|0.000024
4.025090|0.000015
4.031162|0.000018
4.024530|0.000039
4.026307|0.000057
4.017244|0.000057
4.006361|0.000012
4.022770|0.000032
4.024405|0.000010
4.015765|0.000017
4.030326|0.000014
4.021215|0.000061
4.028273|0.000020
4.035196|0.000047
4.005535|0.000023
4.025080|0.000014
4.031149|0.000018
4.024524|0.000038
4.026296|0.000056
4.017232|0.000055
4.006353|0.000011
4.022759|0.000032
4.024399|0.000010
4.015755|0.000017
4.030312|0.000013
4.021206|0.000060
4.028261|0.000020
4.035182|0.000045
4.005524|0.000023
4.025070|0.000014
4.031136|0.000017
4.024518|0.000037
4.026286|0.000054
4.017220|0.000054
4.006347|0.000011
4.022749|0.000031
4.024393|0.000009
4.015744|0.000016
4.030298|0.000013
4.021198|0.000058
4.028250|0.000019
4.035169|0.000044
4.005514|0.000022
4.025062|0.000014
4.031123|0.000017
4.024513|0.000037
4.026276|0.000053
4.017209|0.000053
4.006341|0.000011
4.022738|0.000030
4.024387|0.000009
4.015735|0.000016
4.030283|0.000013
4.021189|0.000057
4.028239|0.000019
4.035155|0.000043
4.005504|0.000022
4.025053|0.000013
4.031108|0.000016
4.024508|0.000036
4.026262|0.000052
4.017195|0.000052
4.006335|0.000010
4.022726|0.000029
4.024381|0.000009
4.015726|0.000016
4.030267|0.000012
4.021177|0.000056
4.028229|0.000018
4.035140|0.000042
4.005494|0.000021
4.025045|0.000013
4.031092|0.000016
4.024504|0.000035
4.026241|0.000051
4.017179|0.000051
4.006330|0.000010
4.022710|0.000029
4.024376|0.000009
4.015717|0.000015
4.030247|0.000012
4.021161|0.000054
4.028219|0.000018
4.035120|0.000041
4.005486|0.000021
4.025037|0.000013
4.031074|0.000015
4.024500|0.000034
4.026211|0.000049
4.017166|0.000050
4.006324|0.000010
4.022693|0.000028
4.024372|0.000009
4.015708|0.000015
4.030226|0.000012
4.021144|0.000053
4.028210|0.000018
4.035100|0.000040
4.005476|0.000020
4.025029|0.000012
4.031057|0.000015
4.024496|0.000034
4.026183|0.000048
4.017159|0.000049
4.006320|0.000010
4.022683|0.000027
4.024368|0.000009
4.015700|0.000015
4.030210|0.000011
4.021133|0.000052
4.028200|0.000017
4.035085|0.000040
4.005467|0.000020
4.025021|0.000012
4.031046|0.000015
4.024492|0.000033
4.026167|0.000047
4.017152|0.000048
4.006315|0.000010
4.022675|0.000027
4.024364|0.000008
4.015691|0.000014
4.030198|0.000011
4.021125|0.000051
4.028191|0.000017
4.035074|0.000039
4.005458|0.000020
4.025012|0.000012
4.031039|0.000014
4.024488|0.000032
4.026157|0.000046
4.017143|0.000046
4.006310|0.000009
4.022669|0.000026
4.024359|0.000008
4.128999|1.416190
4.133556|1.259166
4.142310|0.810354
4.137445|0.753242
4.136172|0.657139
4.119254|0.644906
4.112467|0.831479
4.123616|0.326133
4.113989|0.877396
4.120559|0.370451
4.120736|0.295563
4.101596|0.637296
4.119651|0.327768
4.111177|0.262496
4.098405|0.556604
4.095604|0.513049
4.104915|0.141452
4.097176|0.127562
4.101734|0.236232
4.081785|0.085137
4.087270|0.335121
4.092952|0.072447
4.087663|0.323296
4.091201|0.059231
4.084365|0.092607
4.074522|0.245735
4.091887|0.044685
4.076407|0.034749
4.073830|0.137557
4.078726|0.098192
4.075259|0.013517
4.070533|0.014935
4.075275|0.053901
4.058273|0.032821
4.077043|0.083332
4.069618|0.020183
4.078875|0.060759
4.072660|0.010047
4.070628|0.026412
4.065363|0.222127
4.079412|0.009025
4.064972|0.004854
4.062422|0.039378
4.069139|0.042251
4.064388|0.002275
4.062643|0.005782
4.067315|0.010443
4.049255|0.001757
4.061246|0.135740
4.060112|0.004889
4.066828|0.051315
4.063883|0.006915
4.063680|0.003049
4.047002|0.014341
4.075583|0.005836
4.056469|0.000723
4.048762|0.010347
4.052009|0.010456
4.057293|0.000666
4.059255|0.003853
4.062134|0.003185
4.042965|0.000288
4.049648|0.008997
4.054749|0.002320
4.060524|0.003029
4.058640|0.008874
4.059174|0.006881
4.036826|0.004523
4.072668|0.000776
4.051649|0.000491
4.039675|0.003745
4.041633|0.003775
4.052889|0.000289
4.056129|0.000673
4.059265|0.000489
4.039465|0.000271
4.040936|0.003848
4.050655|0.000218
4.054500|0.002033
4.055016|0.000536
4.057029|0.000470
4.032611|0.003959
4.067243|0.000717
4.049198|0.000294
4.034260|0.002543
4.038296|0.001737
4.046485|0.000425
4.049249|0.000228
4.056550|0.000316
4.034696|0.000197
4.037905|0.000555
4.042605|0.000293
4.051738|0.001621
4.049628|0.000286
4.053929|0.000251
4.030239|0.000757
4.060353|0.000440
4.044762|0.000128
4.029582|0.000893
4.036487|0.000479
4.039804|0.000152
4.043704|0.000071
4.053912|0.000167
4.031774|0.000054
4.036294|0.000292
4.038317|0.000154
4.049510|0.000386
4.047014|0.000088
4.051901|0.000128
4.028995|0.000348
4.057212|0.000130
4.042885|0.000069
4.027256|0.000207
4.035621|0.000268
4.037542|0.000100
4.041639|0.000051
4.051995|0.000118
4.030454|0.000040
4.035372|0.000227
4.036108|0.000104
4.047379|0.000286
4.045288|0.000068
4.049765|0.000096
4.028018|0.000277
4.054238|0.000127
4.040878|0.000050
4.025492|0.000167
4.034445|0.000209
4.035649|0.000074
4.038574|0.000055
4.048979|0.000091
4.027875|0.000035
4.033051|0.000179
4.034802|0.000081
4.042740|0.000278
4.039533|0.000056
4.041490|0.000077
4.019516|0.000210
4.052595|0.000128
4.028174|0.000042
4.024792|0.000150
4.025229|0.000172
4.035073|0.000064
4.029592|0.000059
4.039989|0.000076
4.019671|0.000031
4.025064|0.000156
4.034426|0.000074
4.035732|0.000278
4.034292|0.000048
4.038139|0.000069
4.017875|0.000184
4.051632|0.000123
4.027430|0.000041
4.024262|0.000141
4.024685|0.000157
4.034568|0.000061
4.028910|0.000057
4.038797|0.000072
4.018936|0.000029
4.024511|0.000143
4.033854|0.000071
4.035084|0.000252
4.033177|0.000045
4.036625|0.000065
4.017426|0.000170
4.049987|0.000108
4.026546|0.000038
4.023403|0.000128
4.024363|0.000145
4.032621|0.000058
4.027594|0.000052
4.036100|0.000070
4.013787|0.000027
4.024247|0.000132
4.028021|0.000068
4.034653|0.000228
4.026246|0.000043
4.025262|0.000062
4.017195|0.000159
4.038019|0.000098
4.021698|0.000036
4.020166|0.000121
4.023977|0.000135
4.026541|0.000057
4.024151|0.000050
4.032750|0.000065
4.004589|0.000024
4.023276|0.000124
4.025895|0.000068
4.033373|0.000218
4.021725|0.000040
4.021151|0.000057
4.015991|0.000148
4.036128|0.000097
4.019659|0.000035
4.019890|0.000113
4.022835|0.000128
4.026129|0.000055
4.022996|0.000048
4.031557|0.000060
4.003722|0.000023
4.022682|0.000118
4.025571|0.000064
4.032717|0.000206
4.021244|0.000038
4.020510|0.000054
4.015639|0.000140
4.035703|0.000092
4.019344|0.000032
4.019623|0.000106
4.022619|0.000121
4.025927|0.000051
4.022817|0.000045
4.031134|0.000058
4.003543|0.000022
4.022513|0.000111
4.025426|0.000059
4.032267|0.000194
4.021069|0.000037
4.020041|0.000052
4.015496|0.000132
4.035260|0.000085
4.019213|0.000029
4.019496|0.000100
4.022511|0.000114
4.025835|0.000047
4.022687|0.000043
4.030608|0.000056
4.003439|0.000021
4.022422|0.000105
4.025351|0.000056
4.031665|0.000183
4.020978|0.000035
4.019374|0.000050
4.015410|0.000124
4.034581|0.000078
4.019147|0.000028
4.019420|0.000095
4.022449|0.000108
4.025781|0.000045
4.022624|0.000041
4.029688|0.000054
4.003386|0.000020
4.022367|0.000099
4.025309|0.000053
4.030779|0.000174
4.020924|0.000034
4.018499|0.000048
4.015356|0.000117
4.033776|0.000074
4.019102|0.000026
4.019366|0.000091
4.022404|0.000102
4.025743|0.000043
4.022575|0.000039
4.029112|0.000051
4.003341|0.000019
4.022325|0.000093
4.025266|0.000050
4.030310|0.000166
4.020877|0.000032
4.018003|0.000046
4.015315|0.000111
4.033318|0.000070
4.019066|0.000025
4.019310|0.000087
4.022369|0.000097
4.025702|0.000040
4.022535|0.000038
4.028494|0.000049
4.003305|0.000018
4.022292|0.000089
4.025230|0.000048
4.029593|0.000159
4.020845|0.000031
4.017220|0.000044
4.015285|0.000106
4.032487|0.000066
4.019044|0.000024
4.019271|0.000083
4.022347|0.000092
4.025680|0.000039
4.022503|0.000036
4.027685|0.000047
4.003280|0.000017
4.022269|0.000085
4.025209|0.000046
4.028845|0.000152
4.020817|0.000030
4.016592|0.000042
4.015256|0.000102
4.031829|0.000063
4.019010|0.000024
4.019245|0.000080
4.022315|0.000088
4.025654|0.000037
4.022457|0.000035
4.027351|0.000045
4.003251|0.000016
4.022236|0.000081
4.025178|0.000044
4.028550|0.000145
4.020780|0.000029
4.016363|0.000041
4.015223|0.000098
4.031576|0.000060
4.018974|0.000023
4.019206|0.000076
4.022284|0.000085
4.025618|0.000036
4.022426|0.000034
4.027198|0.000044
4.003218|0.000016
4.022205|0.000078
4.025149|0.000043
4.028403|0.000139
4.020747|0.000028
4.016217|0.000039
4.015194|0.000094
4.031414|0.000057
4.018946|0.000022
4.019176|0.000073
4.022258|0.000081
4.025597|0.000035
4.022396|0.000033
4.027032|0.000042
4.003191|0.000015
4.022181|0.000075
4.025128|0.000041
4.028221|0.000133
4.020724|0.000027
4.016010|0.000038
4.015169|0.000091
4.031194|0.000055
4.018928|0.000021
4.019152|0.000071
4.022239|0.000078
4.025582|0.000033
4.022376|0.000031
4.026830|0.000040
4.003173|0.000015
4.022161|0.000072
4.025113|0.000040
4.028029|0.000128
4.020706|0.000026
4.015854|0.000036
4.015146|0.000087
4.031037|0.000053
4.018908|0.000020
4.019135|0.000068
4.022217|0.000075
4.025565|0.000032
4.022352|0.000030
4.026737|0.000039
4.003155|0.000014
4.022138|0.000069
4.025095|0.000038
4.027933|0.000123
4.020687|0.000025
4.015772|0.000035
4.015122|0.000084
4.030949|0.000051
4.018889|0.000019
4.019109|0.000066
4.022197|0.000073
4.025548|0.000031
4.022336|0.000029
4.026672|0.000038
4.003139|0.000014
4.022118|0.000067
4.025080|0.000037
4.027859|0.000118
4.020669|0.000024
4.015710|0.000034
4.015102|0.000081
4.030881|0.000050
4.018875|0.000019
4.019088|0.000064
4.022180|0.000070
4.025535|0.000030
4.022320|0.000028
4.026618|0.000036
4.003125|0.000013
4.022100|0.000064
4.025066|0.000036
4.027800|0.000114
4.020656|0.000023
4.015656|0.000032
4.015084|0.000078
4.030828|0.000048
4.018862|0.000018
4.019066|0.000062
4.022162|0.000068
4.025523|0.000029
4.022306|0.000028
4.026570|0.000035
4.003114|0.000013
4.022082|0.000062
4.025054|0.000035
4.027752|0.000110
4.020643|0.000022
4.015609|0.000031
4.015064|0.000076
4.030785|0.000046
4.018851|0.000018
4.019044|0.000060
4.022144|0.000066
4.025512|0.000028
4.022293|0.000027
4.026529|0.000034
4.003103|0.000012
4.022062|0.000060
4.025044|0.000034
4.027711|0.000107
4.020633|0.000022
4.015572|0.000030
4.015042|0.000073
4.030750|0.000045
4.018842|0.000017
4.019019|0.000058
4.022124|0.000063
4.025502|0.000027
4.022281|0.000026
4.026497|0.000033
4.003093|0.000012
4.022038|0.000058
4.025034|0.000033
4.027670|0.000104
4.020622|0.000021
4.015542|0.000029
4.015018|0.000071
4.030720|0.000043
4.018833|0.000017
4.018993|0.000056
4.022100|0.000061
4.025493|0.000027
4.022271|0.000026
4.026471|0.000032
4.003085|0.000012
4.022015|0.000056
4.025026|0.000032
4.027629|0.000101
4.020614|0.000020
4.015517|0.000028
4.014993|0.000069
4.030693|0.000042
4.018825|0.000016
4.018966|0.000055
4.022079|0.000060
4.025485|0.000026
4.022261|0.000025
4.026447|0.000031
4.003077|0.000011
4.021993|0.000055
4.025017|0.000031
4.027590|0.000098
4.020605|0.000020
4.015493|0.000028
4.014973|0.000067
4.030667|0.000040
4.018817|0.000016
4.018945|0.000053
4.022063|0.000058
4.025478|0.000025
4.022251|0.000024
4.026425|0.000030
4.003069|0.000011
4.021976|0.000053
4.025010|0.000030
4.027556|0.000095
4.020597|0.000019
4.015470|0.000027
4.014956|0.000065
4.030642|0.000039
4.018810|0.000015
4.018927|0.000052
4.022051|0.000056
4.025470|0.000024
4.022243|0.000024
4.026404|0.000029
4.003062|0.000011
4.021962|0.000052
4.025002|0.000029
4.027526|0.000092
4.020589|0.000019
4.015450|0.000026
4.014941|0.000063
4.030620|0.000038
4.018804|0.000015
4.018909|0.000050
4.022039|0.000055
4.025464|0.000024
4.022234|0.000023
4.026386|0.000028
4.003056|0.000010
4.021947|0.000050
4.024996|0.000029
4.027498|0.000090
4.020582|0.000018
4.015431|0.000025
4.014925|0.000061
4.030599|0.000037
4.018797|0.000015
4.018888|0.000049
4.022027|0.000053
4.025457|0.000023
4.022227|0.000023
4.026371|0.000028
4.003049|0.000010
4.021928|0.000049
4.024990|0.000028
4.027469|0.000088
4.020575|0.000018
4.015415|0.000025
4.014904|0.000060
4.030581|0.000036
4.018792|0.000014
4.018860|0.000048
4.022009|0.000052
4.025452|0.000023
4.022220|0.000022
4.026356|0.000027
4.003044|0.000010
4.021902|0.000048
4.024984|0.000027
4.027434|0.000085
4.020568|0.000017
4.015401|0.000024
4.014873|0.000058
4.030565|0.000035
4.018787|0.000014
4.018819|0.000047
4.021983|0.000051
4.025446|0.000022
4.022212|0.000022
4.026342|0.000026
4.003038|0.000010
4.021862|0.000046
4.024979|0.000027
4.027389|0.000083
4.020561|0.000017
4.015388|0.000023
4.014826|0.000057
4.030550|0.000034
4.018783|0.000014
4.018761|0.000045
4.021943|0.000049
4.025441|0.000022
4.022205|0.000021
4.026330|0.000026
4.003034|0.000009
4.021810|0.000045
4.024973|0.000026
4.027335|0.000081
4.020554|0.000017
4.015374|0.000023
4.014778|0.000055
4.030535|0.000033
4.018778|0.000013
4.018703|0.000044
4.021909|0.000048
4.025436|0.000021
4.022197|0.000021
4.026318|0.000025
4.003028|0.000009
4.021775|0.000044
4.024968|0.000026
4.027295|0.000079
4.020544|0.000016
4.015360|0.000022
4.014751|0.000054
4.030518|0.000033
4.018774|0.000013
4.018669|0.000043
4.021894|0.000047
4.025431|0.000021
4.022188|0.000020
4.026302|0.000024
4.003023|0.000009
4.021757|0.000043
4.024963|0.000025
4.027273|0.000077
4.020531|0.000016
4.015342|0.000022
4.014733|0.000053
4.030498|0.000032
4.018769|0.000013
4.018647|0.000042
4.021882|0.000046
4.025426|0.000020
4.022180|0.000020
4.026282|0.000024
4.003017|0.000009
4.021744|0.000042
4.024959|0.000024
4.027256|0.000076
4.020512|0.000016
4.015319|0.000021
4.014719|0.000052
4.030473|0.000031
4.018765|0.000013
4.018632|0.000041
4.021872|0.000045
4.025422|0.000020
4.022171|0.000019
4.026256|0.000023
4.003012|0.000009
4.021734|0.000041
4.024954|0.000024
4.027242|0.000074
4.020484|0.000015
4.015290|0.000021
4.014709|0.000051
4.030441|0.000031
4.018761|0.000012
4.018620|0.000041
4.021864|0.000044
4.025417|0.000019
4.022162|0.000019
4.026228|0.000023
4.003006|0.000008
4.021726|0.000040
4.024949|0.000023
4.027229|0.000072
4.020460|0.000015
4.015266|0.000020
4.014700|0.000050
4.030413|0.000030
4.018757|0.000012
4.018609|0.000040
4.021856|0.000043
4.025412|0.000019
4.022152|0.000019
4.026211|0.000022
4.003001|0.000008
4.021718|0.000040
4.024943|0.000023
4.027219|0.000071
4.020445|0.000015
4.015251|0.000020
4.014692|0.000049
4.030392|0.000029
4.018754|0.000012
4.018600|0.000039
4.021849|0.000042
4.025406|0.000018
4.022139|0.000018
4.026200|0.000022
4.002993|0.000008
4.021710|0.000039
4.024937|0.000022
4.027209|0.000069
4.020433|0.000014
4.015241|0.000019
4.014684|0.000048
4.030375|0.000029
4.018750|0.000012
4.018590|0.000038
4.021842|0.000041
4.025399|0.000018
4.022120|0.000018
4.026192|0.000021
4.002984|0.000008
4.021702|0.000038
4.024929|0.000022
4.027202|0.000068
4.020420|0.000014
4.015234|0.000019
4.014676|0.000047
4.030356|0.000028
4.018747|0.000011
4.018580|0.000037
4.021832|0.000041
4.025389|0.000018
4.022097|0.000017
4.026186|0.000021
4.002971|0.000008
4.021693|0.000037
4.024918|0.000022
4.027195|0.000066
4.020405|0.000014
4.015227|0.000019
4.014666|0.000046
4.030338|0.000028
4.018744|0.000011
4.018569|0.000037
4.021818|0.000040
4.025374|0.000018
4.022071|0.000017
4.026180|0.000020
4.002955|0.000008
4.021680|0.000037
4.024902|0.000021
4.027189|0.000065
4.020389|0.000013
4.015222|0.000018
4.014651|0.000045
4.030322|0.000027
4.018742|0.000011
