4.163599|0.463083
4.162983|0.655652
4.163816|0.381575
4.161810|0.764737
4.160445|0.603844
4.162862|0.855400
4.162749|0.366724
4.161462|0.816166
4.161976|0.781543
4.161327|0.531608
4.161721|0.675579
4.161163|0.484684
4.161096|0.217633
4.161741|0.486577
4.160848|0.294726
4.161123|0.586667
4.160573|0.208621
4.159168|0.356122
4.158638|0.168538
4.161210|0.658520
4.158684|0.287403
4.159039|0.582001
4.160495|0.576931
4.158006|0.372241
4.158414|0.516444
4.157647|0.340148
4.156095|0.201201
4.156753|0.245629
4.156258|0.243294
4.158952|0.629484
4.153381|0.229829
4.152922|0.258732
4.152312|0.513742
4.160195|0.908974
4.150251|0.288323
4.154404|1.039147
4.157587|0.936452
4.151729|0.774451
4.152583|0.696072
4.152781|0.666335
4.144989|0.366865
4.140328|0.411631
4.144581|0.393498
4.157453|0.730373
4.129450|0.435719
4.137020|0.600159
4.145454|0.471711
4.159842|0.826277
4.120516|0.220973
4.151791|0.651163
4.156398|0.564885
4.146075|0.290675
4.136913|0.465382
4.147835|0.306475
4.128550|0.097470
4.108267|0.222111
4.132807|0.211195
4.154105|0.453601
4.114161|0.091566
4.124389|0.078163
4.132807|0.067715
4.155962|0.513908
4.111343|0.129738
4.142373|0.358877
4.149702|0.261825
4.132806|0.036824
4.125768|0.152589
4.137909|0.124371
4.119425|0.067908
4.100039|0.036610
4.117182|0.144879
4.137900|0.401012
4.108482|0.073127
4.115893|0.038999
4.121915|0.015197
4.149954|0.614665
4.106722|0.054362
4.132897|0.292755
4.130686|0.305348
4.121750|0.032152
4.107224|0.169490
4.124631|0.070301
4.111002|0.052039
4.096637|0.029634
4.104163|0.098419
4.128332|0.219944
4.103982|0.044389
4.106795|0.014531
4.110371|0.015834
4.143784|0.765166
4.101569|0.080744
4.123822|0.279963
4.125021|0.168915
4.114768|0.080207
4.100801|0.087650
4.116398|0.075756
4.106205|0.077009
4.091178|0.013851
4.099360|0.071051
4.124419|0.255434
4.099043|0.041800
4.102086|0.049278
4.106394|0.100955
4.142584|0.535140
4.096696|0.028091
4.117768|0.291050
4.120424|0.159124
4.110841|0.071989
4.095227|0.097452
4.108148|0.066914
4.101445|0.050638
4.087195|0.009989
4.094172|0.081203
4.119221|0.196663
4.094910|0.015528
4.097503|0.041889
4.102603|0.094738
4.140822|0.470156
4.092426|0.037703
4.111438|0.359877
4.115245|0.050121
4.107749|0.040903
4.090424|0.170549
4.099333|0.157043
4.097314|0.023358
4.083897|0.009875
4.089337|0.059904
4.113673|0.155299
4.091274|0.016334
4.091940|0.063829
4.097675|0.034381
4.137588|0.526823
4.088483|0.026319
4.103749|0.273977
4.109546|0.085731
4.103447|0.049697
4.084191|0.123227
4.089912|0.094280
4.093111|0.021142
4.080910|0.016007
4.084254|0.046047
4.107754|0.142994
4.086734|0.023394
4.085560|0.029409
4.091652|0.015270
4.130373|0.348586
4.081645|0.041101
4.096649|0.176078
4.102643|0.048703
4.097085|0.058274
4.077407|0.056048
4.081879|0.053718
4.085596|0.018738
4.072428|0.003051
4.076684|0.044439
4.099200|0.103678
4.079364|0.021743
4.078348|0.016293
4.084876|0.004680
4.124184|0.235435
4.074268|0.023799
4.090196|0.136205
4.094047|0.057479
4.090911|0.005183
4.070970|0.040055
4.075429|0.031124
4.080654|0.012481
4.065455|0.004388
4.071526|0.061756
4.090144|0.092388
4.073269|0.011973
4.074901|0.010379
4.081765|0.002887
4.121202|0.584642
4.068701|0.023598
4.086240|0.157320
4.086886|0.039493
4.086134|0.003215
4.066443|0.037848
4.071179|0.023690
4.076234|0.009427
4.058486|0.002442
4.066387|0.057457
4.082486|0.106641
4.066611|0.013825
4.070489|0.005755
4.077682|0.002126
4.117517|0.446506
4.062711|0.015931
4.082085|0.145159
4.080884|0.037965
4.078734|0.002826
4.062243|0.028570
4.065886|0.022855
4.069773|0.008640
4.051476|0.006229
4.061361|0.028353
4.076021|0.105930
4.060863|0.012334
4.061697|0.006898
4.064333|0.000965
4.109016|0.275911
4.057492|0.013790
4.073225|0.114184
4.075860|0.039740
4.063931|0.001673
4.058817|0.029237
4.058008|0.028040
4.062809|0.010567
4.046492|0.002202
4.057598|0.049369
4.071945|0.064586
4.057198|0.011797
4.057178|0.009340
4.059732|0.001513
4.106118|0.226159
4.053998|0.023118
4.071089|0.137948
4.072082|0.042172
4.060636|0.001496
4.055366|0.046511
4.055667|0.040052
4.060412|0.008305
4.042789|0.001855
4.053767|0.047903
4.068200|0.073757
4.054547|0.008849
4.054542|0.006290
4.057688|0.001081
4.103940|0.205419
4.051250|0.014558
4.069052|0.103582
4.068311|0.042133
4.058185|0.001043
4.051894|0.027293
4.053070|0.022139
4.058058|0.008108
4.040345|0.001234
4.050030|0.040527
4.064775|0.074266
4.052149|0.008977
4.052090|0.005373
4.055899|0.000775
4.102177|0.143367
4.048162|0.013298
4.067389|0.090938
4.064542|0.043329
4.055931|0.000936
4.048627|0.021681
4.051033|0.026141
4.055320|0.004313
4.037467|0.000891
4.046329|0.037848
4.060668|0.061237
4.049254|0.005798
4.050371|0.006701
4.054496|0.000722
4.099488|0.075651
4.045101|0.015577
4.065859|0.071295
4.061234|0.051542
4.053672|0.000780
4.045943|0.021118
4.049427|0.026635
4.052911|0.004635
4.034984|0.000678
4.043696|0.033721
4.057314|0.063309
4.047067|0.006928
4.049235|0.003467
4.053718|0.000415
4.096819|0.082199
4.043148|0.017715
4.064373|0.072558
4.058854|0.049517
4.052234|0.000864
4.043399|0.021187
4.047934|0.031784
4.051296|0.007411
4.033666|0.000976
4.040875|0.022779
4.054335|0.062038
4.045639|0.009861
4.048415|0.004283
4.052966|0.000355
4.093909|0.070086
4.041655|0.015335
4.062716|0.080910
4.056312|0.042598
4.051197|0.000355
4.040440|0.017913
4.046317|0.025674
4.049863|0.005758
4.032505|0.000516
4.038717|0.018569
4.051932|0.059016
4.044282|0.008175
4.047549|0.003663
4.052221|0.000253
4.090176|0.069794
4.040254|0.021785
4.061123|0.062412
4.054576|0.054791
4.050124|0.000421
4.038592|0.018050
4.044991|0.034492
4.048433|0.005819
4.031410|0.000368
4.037492|0.021420
4.050391|0.054568
4.043056|0.005461
4.046898|0.002264
4.051535|0.000214
4.083874|0.058611
4.039163|0.035970
4.060061|0.077508
4.053622|0.042591
4.049113|0.000485
4.037610|0.018080
4.044148|0.031720
4.047397|0.005920
4.030610|0.000633
4.036748|0.030270
4.049390|0.058370
4.042262|0.020189
4.046312|0.004039
4.050880|0.000307
4.077782|0.039642
4.038400|0.012184
4.059194|0.079741
4.052773|0.044750
4.048365|0.000601
4.036792|0.022799
4.043389|0.030487
4.046581|0.012154
4.030098|0.001453
4.035948|0.013154
4.048370|0.061978
4.041636|0.019932
4.045748|0.002961
4.050082|0.000307
4.074645|0.045080
4.037793|0.004842
4.058197|0.079855
4.052110|0.054836
4.047376|0.000752
4.036163|0.022423
4.042536|0.034990
4.045672|0.010203
4.029723|0.000419
4.035398|0.011861
4.047588|0.059591
4.041161|0.018738
4.045044|0.006927
4.048541|0.000295
4.072337|0.025212
4.037325|0.006199
4.057187|0.092182
4.051352|0.044064
4.046126|0.000485
4.035656|0.026741
4.041678|0.030499
4.044761|0.003934
4.029484|0.000427
4.034832|0.044905
4.046025|0.044324
4.040709|0.007492
4.044388|0.004962
4.047138|0.000394
4.070126|0.028928
4.036859|0.020070
4.056141|0.061624
4.047404|0.051982
4.045314|0.000407
4.035110|0.019795
4.040976|0.032769
4.044190|0.004341
4.029311|0.000362
4.034416|0.048540
4.039254|0.054378
4.040412|0.006329
4.044054|0.001664
4.046616|0.000246
4.068038|0.017809
4.036554|0.016367
4.055301|0.067774
4.043487|0.047564
4.044919|0.000465
4.034604|0.018880
4.040370|0.036670
4.043714|0.003055
4.029053|0.000359
4.033947|0.032027
4.038206|0.044245
4.040020|0.006386
4.043767|0.004763
4.046266|0.000345
4.065702|0.014892
4.036123|0.009468
4.054440|0.068871
4.042938|0.043157
4.044548|0.000311
4.034008|0.018409
4.039843|0.027277
4.043328|0.002916
4.028838|0.000284
4.033558|0.021617
4.037395|0.048661
4.039701|0.007120
4.043509|0.001812
4.045977|0.000196
4.063766|0.014540
4.035805|0.009749
4.053854|0.053714
4.042539|0.057060
4.044277|0.000380
4.033607|0.017358
4.039512|0.040317
4.043015|0.002650
4.028694|0.000264
4.033201|0.018162
4.036808|0.041847
4.039433|0.004520
4.043336|0.002700
4.045759|0.000174
4.061962|0.013586
4.035540|0.009114
4.053462|0.062700
4.041986|0.045082
4.044101|0.000217
4.033265|0.017460
4.039263|0.028981
4.042759|0.001039
4.028586|0.000179
4.032915|0.022541
4.035833|0.047344
4.039218|0.005565
4.043180|0.001536
4.045592|0.000141
4.060089|0.013574
4.035328|0.010230
4.053129|0.051515
4.040768|0.054393
4.043928|0.000251
4.033052|0.017415
4.039083|0.042714
4.042524|0.003807
4.028468|0.000183
4.032661|0.019834
4.034312|0.040535
4.039030|0.005553
4.043049|0.002352
4.045445|0.000124
4.057778|0.011839
4.035141|0.011464
4.052900|0.065134
4.039727|0.042961
4.043792|0.000162
4.032836|0.017765
4.038921|0.027078
4.042306|0.001473
4.028355|0.000172
4.032447|0.018659
4.033731|0.046542
4.038844|0.004320
4.042920|0.001549
4.045321|0.000123
4.053064|0.013119
4.034951|0.013442
4.052680|0.052745
4.039457|0.051656
4.043676|0.000207
4.032697|0.018003
4.038784|0.040248
4.042112|0.001281
4.028271|0.000147
4.032273|0.025986
4.033478|0.040611
4.038719|0.005300
4.042806|0.001536
4.045206|0.000110
4.049757|0.010974
4.034838|0.010952
4.052491|0.054876
4.039239|0.046895
4.043559|0.000194
4.032522|0.017512
4.038635|0.038039
4.041940|0.001183
4.028174|0.000154
4.032096|0.022883
4.033195|0.041518
4.038580|0.007541
4.042684|0.001656
4.045078|0.000115
4.048122|0.009353
4.034678|0.005775
4.052307|0.051541
4.039055|0.046738
4.043447|0.000192
4.032400|0.018312
4.038509|0.038803
4.041789|0.002481
4.028099|0.000178
4.031970|0.014386
4.032968|0.049566
4.038470|0.008200
4.042561|0.000622
4.044952|0.000090
4.046228|0.010008
4.034574|0.003295
4.052096|0.062552
4.038859|0.045394
4.043339|0.000182
4.032286|0.017149
4.038411|0.040304
4.041663|0.002844
4.028018|0.000483
4.031830|0.008866
4.032680|0.040222
4.038363|0.005255
4.042446|0.001388
4.044816|0.000118
4.043934|0.008903
4.034457|0.005521
4.051837|0.059309
4.038689|0.046368
4.043213|0.000151
4.032165|0.017221
4.038306|0.031851
4.041521|0.000733
4.027949|0.000226
4.031723|0.008138
4.032372|0.050232
4.038280|0.004854
4.042332|0.000482
4.044676|0.000076
4.040087|0.009012
4.034373|0.004719
4.051519|0.049280
4.038578|0.051114
4.043097|0.000174
4.032075|0.016911
4.038228|0.047256
4.041401|0.001508
4.027897|0.000209
4.031613|0.008262
4.032058|0.038067
4.038202|0.006234
4.042239|0.001500
4.044576|0.000086
4.034233|0.008217
4.034287|0.002860
4.051227|0.052957
4.038452|0.042219
4.042983|0.000118
4.031985|0.017303
4.038123|0.034468
4.041271|0.001326
4.027816|0.000111
4.031546|0.007153
4.031733|0.047998
4.038122|0.006535
4.042129|0.000407
4.044454|0.000060
4.032218|0.008791
4.034203|0.003369
4.050971|0.048657
4.038300|0.049578
4.042812|0.000144
4.031917|0.016667
4.038014|0.047917
4.041162|0.002107
4.027793|0.000187
4.031451|0.008543
4.031500|0.038127
4.038063|0.005238
4.041996|0.001091
4.044190|0.000067
4.031319|0.008226
4.034139|0.004942
4.050754|0.059161
4.038155|0.038699
4.042542|0.000103
4.031828|0.017197
4.037858|0.033577
4.040952|0.000481
4.027723|0.000095
4.031359|0.007451
4.031280|0.041159
4.037989|0.006076
4.041762|0.000494
4.043452|0.000057
4.030402|0.007863
4.034067|0.003519
4.050432|0.045750
4.038054|0.048106
4.041631|0.000111
4.031762|0.016857
4.037436|0.038369
4.040407|0.000604
4.027682|0.000080
4.031278|0.008810
4.031092|0.042064
4.037929|0.007321
4.041087|0.000457
4.041408|0.000060
4.029806|0.008991
4.034005|0.003911
4.049654|0.047969
4.037956|0.044123
4.040556|0.000121
4.031709|0.017104
4.036822|0.044134
4.039892|0.001789
4.027624|0.000082
4.031215|0.009568
4.030962|0.038266
4.037868|0.008469
4.040700|0.000766
4.040734|0.000070
4.029412|0.008195
4.033938|0.002777
4.049363|0.053065
4.037842|0.043565
4.040282|0.000120
4.031640|0.016536
4.036643|0.039377
4.039725|0.001661
4.027558|0.000381
4.031157|0.006900
4.030825|0.045827
4.037815|0.004835
4.040562|0.000386
4.040510|0.000057
4.028991|0.007691
4.033884|0.004649
4.049215|0.052190
4.037744|0.043963
4.040157|0.000114
4.031573|0.016598
4.036548|0.041685
4.039621|0.000505
4.027503|0.000259
4.031078|0.007122
4.030699|0.038522
4.037754|0.005374
4.040461|0.000565
4.040387|0.000055
4.028618|0.007449
4.033818|0.002681
4.049108|0.049447
4.037647|0.043520
4.040057|0.000099
4.031508|0.016682
4.036471|0.035496
4.039524|0.001653
4.027441|0.000076
4.031013|0.006451
4.030583|0.040894
4.037700|0.007776
4.040379|0.000352
4.040294|0.000050
4.028337|0.007516
4.033760|0.002741
4.049023|0.047164
4.037567|0.043614
4.039970|0.000109
4.031467|0.016495
4.036410|0.045365
4.039441|0.003081
4.027383|0.000089
4.030946|0.007041
4.030535|0.036692
4.037632|0.007250
4.040304|0.000531
4.040222|0.000054
4.028096|0.008066
4.033689|0.006347
4.048960|0.053803
4.037497|0.037803
4.039892|0.000092
4.031425|0.016608
4.036355|0.034360
4.039368|0.001080
4.027326|0.000093
4.030894|0.008373
4.030448|0.044066
4.037573|0.006793
4.040246|0.000381
4.040172|0.000050
4.027825|0.007363
4.033630|0.004669
4.048906|0.052289
4.037434|0.040798
4.039824|0.000094
4.031386|0.016578
4.036314|0.040764
4.039308|0.001595
4.027253|0.000120
4.164201|0.263016
4.163909|0.097947
4.161772|0.807267
4.161676|0.703468
4.162399|0.747163
4.161517|0.665970
4.160894|0.458543
4.162730|0.113224
4.160812|0.610291
4.161262|0.371950
4.162119|0.669256
4.160453|0.524388
4.158455|0.298300
4.159137|0.370066
4.160946|0.015822
4.160431|0.027554
4.156548|0.244061
4.155344|0.166882
4.157793|0.252862
4.153323|0.185436
4.149869|0.096758
4.158182|0.073611
4.156024|0.339369
4.149650|0.171762
4.158809|0.507149
4.156097|0.346752
4.142812|0.146645
4.154092|0.293181
4.157720|0.034877
4.157632|0.049475
4.140463|0.212120
4.139473|0.168750
4.151273|0.318308
4.140120|0.228087
4.136347|0.105061
4.155832|0.127845
4.148428|0.340712
4.143603|0.235696
4.155678|0.513025
4.148168|0.347361
4.132702|0.123670
4.145445|0.330026
4.152498|0.039695
4.150929|0.037303
4.131210|0.075369
4.130000|0.053765
4.143816|0.195206
4.131606|0.119401
4.129468|0.062346
4.144610|0.075651
4.143302|0.314853
4.137896|0.303126
4.147969|0.476753
4.143888|0.184700
4.127592|0.057730
4.140478|0.130216
4.138136|0.053476
4.136590|0.042273
4.126250|0.035134
4.124557|0.022758
4.138770|0.284362
4.126407|0.223215
4.125270|0.040540
4.131685|0.071488
4.138907|0.402486
4.132944|0.258793
4.142084|0.648606
4.139389|0.240074
4.124012|0.038833
4.136137|0.161855
4.128981|0.065787
4.128428|0.062657
4.122802|0.027939
4.121036|0.014690
4.134262|0.126468
4.121522|0.066602
4.122497|0.031068
4.125658|0.112592
4.134768|0.310565
4.130013|0.194136
4.138086|0.470461
4.135922|0.142882
4.121345|0.040261
4.133477|0.089960
4.124011|0.101360
4.123662|0.061128
4.119297|0.033141
4.117880|0.025492
4.129812|0.103391
4.116019|0.055796
4.118931|0.067279
4.119826|0.145090
4.129288|0.172163
4.126385|0.205970
4.131705|0.353806
4.129393|0.134026
4.116618|0.035210
4.129407|0.102533
4.114264|0.040766
4.111823|0.043334
4.113579|0.016450
4.112992|0.017843
4.120614|0.039098
4.105891|0.041825
4.114313|0.044455
4.098597|0.044276
4.120758|0.131456
4.122622|0.145995
4.118059|0.295691
4.119910|0.121440
4.113091|0.029475
4.124922|0.078080
4.094341|0.053557
4.094695|0.027546
4.109477|0.020671
4.109476|0.014349
4.112683|0.039577
4.096573|0.032762
4.109552|0.037174
4.088516|0.042757
4.113974|0.199726
4.119142|0.100995
4.110638|0.352941
4.111945|0.145647
4.108389|0.017679
4.117862|0.070093
4.086507|0.021402
4.089353|0.012864
4.102947|0.026065
4.105188|0.014230
4.108356|0.080905
4.090650|0.060030
4.104189|0.037995
4.082418|0.040162
4.110172|0.185745
4.115808|0.332282
4.106597|0.219569
4.106013|0.168042
4.104465|0.008861
4.112336|0.063677
4.078051|0.030865
4.083000|0.079402
4.098294|0.019665
4.100883|0.011620
4.103597|0.024868
4.085135|0.013291
4.098334|0.035920
4.075648|0.089681
4.106697|0.190381
4.110904|0.241372
4.100804|0.224738
4.101463|0.161983
4.099366|0.016571
4.107993|0.070806
4.071436|0.098404
4.077165|0.043827
4.093228|0.019560
4.095432|0.026695
4.098655|0.036553
4.080456|0.033465
4.092097|0.062062
4.073043|0.440977
4.103409|0.107782
4.105309|0.219910
4.097772|0.203296
4.096222|0.124392
4.094507|0.046682
4.103462|0.062681
4.068888|0.061627
4.072808|0.028912
4.090808|0.032792
4.090392|0.022610
4.093653|0.023199
4.076950|0.025027
4.086579|0.030806
4.069855|0.106140
4.100531|0.189117
4.099701|0.144682
4.095035|0.295561
4.087195|0.047524
4.087570|0.016673
4.093824|0.022634
4.064301|0.035507
4.067131|0.016676
4.085750|0.005499
4.082380|0.004986
4.086796|0.014375
4.071382|0.011819
4.077253|0.017214
4.066769|0.038470
4.096629|0.107334
4.089260|0.066900
4.092251|0.159372
4.078276|0.040306
4.073819|0.002898
4.086772|0.011857
4.060333|0.032613
4.061881|0.017038
4.073754|0.002260
4.068987|0.002340
4.080493|0.009323
4.061653|0.005433
4.066088|0.018374
4.063653|0.034837
4.092797|0.094530
4.082007|0.036800
4.089359|0.147311
4.074049|0.027748
4.067336|0.002608
4.084033|0.010919
4.057557|0.013131
4.057734|0.007300
4.070172|0.000994
4.064492|0.000757
4.076425|0.011153
4.058949|0.008100
4.062109|0.015858
4.060963|0.034742
4.090249|0.094230
4.078244|0.086424
4.085680|0.129645
4.071146|0.032891
4.063118|0.001983
4.082055|0.025491
4.054777|0.013022
4.054417|0.010354
4.066982|0.000529
4.061324|0.000393
4.073367|0.004065
4.056329|0.002946
4.058937|0.016615
4.058091|0.020067
4.087737|0.093935
4.075408|0.091862
4.079592|0.078215
4.068065|0.003487
4.059301|0.000559
4.079821|0.003412
4.052085|0.007596
4.051775|0.006588
4.063390|0.000386
4.058328|0.000365
4.070674|0.003185
4.053638|0.002757
4.055623|0.013835
4.055663|0.019799
4.084966|0.087960
4.072905|0.072214
4.074762|0.048891
4.065318|0.001920
4.055652|0.000712
4.077836|0.001461
4.049914|0.004627
4.049755|0.005841
4.060210|0.000453
4.055620|0.000287
4.068041|0.003477
4.051291|0.002647
4.052556|0.011365
4.053810|0.018961
4.081675|0.082661
4.070575|0.063575
4.071498|0.032708
4.061532|0.001772
4.050624|0.001678
4.073632|0.000939
4.048385|0.006498
4.048261|0.006070
4.053958|0.000692
4.049067|0.000486
4.060649|0.003107
4.044160|0.002854
4.044849|0.009530
4.052444|0.019222
4.074306|0.060547
4.068580|0.022139
4.068622|0.029050
4.054423|0.009386
4.043477|0.005483
4.066993|0.000700
4.047256|0.004838
4.047194|0.005251
4.049835|0.000333
4.045663|0.000259
4.056788|0.001562
4.041467|0.001300
4.042819|0.011210
4.051027|0.015535
4.071637|0.072785
4.066712|0.051514
4.065757|0.026300
4.052391|0.004494
4.041474|0.005109
4.066137|0.000805
4.046245|0.002857
4.046126|0.005921
4.048580|0.000499
4.044483|0.000381
4.054286|0.004984
4.039249|0.001892
4.041486|0.010667
4.049691|0.018952
4.069361|0.073804
4.065258|0.017567
4.063747|0.023347
4.050478|0.003447
4.039801|0.003078
4.065135|0.000680
4.045401|0.010033
4.045235|0.005608
4.047505|0.000389
4.043563|0.000334
4.052439|0.003041
4.037699|0.002170
4.040533|0.008801
4.048781|0.031806
4.067143|0.078855
4.063958|0.008316
4.061952|0.023532
4.048865|0.001946
4.038655|0.002198
4.063976|0.000739
4.044769|0.006833
4.044610|0.006848
4.046738|0.000508
4.042909|0.000378
4.051191|0.000730
4.036572|0.000595
4.039799|0.012063
4.048185|0.021191
4.065302|0.071507
4.062776|0.007760
4.060681|0.022982
4.047508|0.003541
4.037876|0.003585
4.062831|0.000500
4.044348|0.003792
4.044179|0.005899
4.046131|0.000412
4.042384|0.000423
4.050216|0.003695
4.035667|0.001568
4.039200|0.009691
4.047822|0.015225
4.063749|0.079115
4.061554|0.010050
4.059720|0.020938
4.046238|0.001291
4.037219|0.001671
4.061763|0.000483
4.044068|0.009571
4.043880|0.005413
4.045555|0.000491
4.041878|0.000454
4.049440|0.003465
4.034832|0.001879
4.038631|0.009882
4.047560|0.023523
4.062528|0.068612
4.059958|0.008277
4.058869|0.021091
4.045047|0.004963
4.036539|0.005479
4.060496|0.000543
4.043851|0.009785
4.043653|0.006819
4.044767|0.000806
4.041077|0.000773
4.048875|0.001636
4.033804|0.001244
4.037697|0.008533
4.047362|0.024448
4.061584|0.073301
4.057653|0.007138
4.058201|0.021729
4.043697|0.002120
4.035492|0.002696
4.058915|0.000425
4.043686|0.003036
4.043478|0.005865
4.043804|0.000421
4.040197|0.000468
4.048369|0.003133
4.032904|0.001469
4.036948|0.007686
4.047168|0.014567
4.060524|0.067744
4.055731|0.007284
4.057570|0.019710
4.042525|0.003697
4.034909|0.004225
4.057664|0.000479
4.043517|0.004812
4.043298|0.005168
4.043273|0.000458
4.039711|0.000424
4.047849|0.001976
4.032333|0.001056
4.036418|0.007251
4.047002|0.019803
4.059427|0.066184
4.054509|0.006306
4.056984|0.019357
4.041377|0.003794
4.034268|0.004348
4.056243|0.000472
4.043377|0.004071
4.043155|0.005914
4.042512|0.000653
4.038928|0.000667
4.047044|0.001207
4.031435|0.000717
4.035485|0.007052
4.046883|0.017323
4.057947|0.067608
4.053757|0.005998
4.056437|0.018934
4.039855|0.002974
4.033216|0.003506
4.054402|0.000349
4.043270|0.001829
4.043040|0.005204
4.041566|0.000496
4.038023|0.000550
4.046127|0.002305
4.030638|0.000963
4.034733|0.007053
4.046765|0.013606
4.056888|0.064163
4.053229|0.006956
4.055854|0.018321
4.038812|0.003436
4.032703|0.003957
4.053231|0.000366
4.043153|0.004071
4.042923|0.004798
4.041157|0.000626
4.037652|0.000641
4.045712|0.002025
4.030268|0.000966
4.034405|0.006634
4.046644|0.018792
4.056224|0.064655
4.052827|0.006023
4.055350|0.018006
4.037929|0.002849
4.032418|0.003868
4.052167|0.000364
4.043051|0.004708
4.042820|0.005376
4.040917|0.000666
4.037431|0.000700
4.045458|0.001109
4.030026|0.000659
4.034182|0.006914
4.046544|0.019518
4.055733|0.061661
4.052437|0.005288
4.054979|0.018239
4.037130|0.002858
4.032216|0.003533
4.051235|0.000332
4.042962|0.002283
4.042727|0.005450
4.040743|0.000476
4.037261|0.000601
4.045251|0.001312
4.029836|0.000699
4.033995|0.007201
4.046454|0.014905
4.055308|0.063773
4.052077|0.005698
4.054699|0.017786
4.036418|0.003002
4.032051|0.003875
4.050366|0.000406
4.042879|0.003310
4.042636|0.005157
4.040586|0.000784
4.037107|0.000661
4.045097|0.002608
4.029678|0.000850
4.033852|0.006666
4.046359|0.015076
4.054956|0.060140
4.051734|0.007523
4.054484|0.017686
4.035473|0.002338
4.031904|0.002461
4.048708|0.000291
4.042809|0.004443
4.042565|0.005281
4.040462|0.000464
4.036973|0.000513
4.044965|0.001251
4.029549|0.001008
4.033741|0.006323
4.046294|0.019446
4.054677|0.064236
4.051313|0.004687
4.054310|0.017703
4.032280|0.002122
4.031779|0.003615
4.044980|0.000363
4.042740|0.001820
4.042491|0.005346
4.040330|0.000604
4.036833|0.000555
4.044848|0.000618
4.029406|0.000286
4.033603|0.010313
4.046216|0.014558
4.054427|0.058807
4.050699|0.005404
4.054127|0.017601
4.031162|0.001895
4.031662|0.001490
4.043883|0.000238
4.042673|0.001821
4.042429|0.005220
4.040228|0.000523
4.036719|0.000698
4.044745|0.002784
4.029294|0.001120
4.033496|0.006564
4.046142|0.013657
4.054192|0.077819
4.049885|0.007033
4.053986|0.017340
4.030654|0.000580
4.031547|0.000898
4.043303|0.000328
4.042603|0.003635
4.042352|0.004600
4.040105|0.000847
4.036600|0.000718
4.044632|0.002004
4.029159|0.000816
4.033399|0.006808
4.046059|0.017703
4.053990|0.061338
4.048495|0.005580
4.053799|0.017344
4.030248|0.003285
4.031453|0.003997
4.042800|0.000319
4.042542|0.002772
4.042285|0.005686
4.040010|0.000410
4.036504|0.000456
4.044531|0.000562
4.029055|0.000351
4.033292|0.008371
4.045985|0.016031
4.053814|0.060371
4.047071|0.004960
4.053639|0.017661
4.029802|0.002146
4.031363|0.002776
4.042344|0.000324
4.042485|0.001276
4.042227|0.005174
4.039923|0.000587
4.036418|0.000605
4.044446|0.002273
4.028955|0.000761
4.033207|0.006807
4.045915|0.013043
4.053650|0.055653
4.045660|0.006538
4.053514|0.017163
4.029436|0.002066
4.031272|0.002312
4.041941|0.000311
4.042437|0.004529
4.042174|0.004942
4.039833|0.000678
4.036336|0.000633
4.044360|0.001292
4.028863|0.000695
4.033137|0.006894
4.045857|0.016814
4.053513|0.056104
4.044936|0.004731
4.053364|0.017013
4.029129|0.002413
4.031193|0.003099
4.041592|0.000348
4.042387|0.001703
4.042121|0.005345
4.039758|0.000606
4.036262|0.000639
4.044284|0.000652
4.028776|0.000303
4.033057|0.007699
4.045784|0.014554
4.053377|0.051580
4.044632|0.004826
4.053225|0.017113
4.028828|0.001989
4.031136|0.002526
4.041253|0.000325
4.042337|0.000997
4.042070|0.005205
4.039693|0.000689
4.036193|0.000697
4.044203|0.002188
4.028691|0.000665
4.032989|0.006606
4.045710|0.012728
4.053267|0.032180
4.044439|0.006484
4.053113|0.016980
4.028595|0.007501
4.031069|0.006932
4.040964|0.000259
4.042280|0.004198
4.042008|0.004688
4.039626|0.000410
4.036122|0.000472
4.044136|0.001430
4.028617|0.000851
4.032940|0.006732
4.045637|0.016419
4.053186|0.051186
4.044242|0.004556
4.052991|0.016959
4.028367|0.001626
4.031006|0.001841
4.040725|0.000415
4.042221|0.001947
4.041944|0.005442
4.039564|0.000480
4.036050|0.000496
4.044061|0.000503
4.028538|0.000257
4.032867|0.008404
4.045543|0.015297
4.053073|0.053540
4.043978|0.005097
4.052846|0.016997
4.028064|0.002902
4.030935|0.002181
4.040362|0.000344
4.042144|0.001246
4.041863|0.005326
4.039501|0.000812
4.035975|0.000805
4.043985|0.001593
4.028454|0.000673
4.032804|0.006713
4.045469|0.013245
4.052953|0.051198
4.043552|0.005125
4.052727|0.016946
4.027786|0.002798
4.030881|0.003048
4.040023|0.000273
4.042092|0.003153
4.041810|0.004641
4.039452|0.000602
4.035927|0.000608
4.043934|0.001634
4.028398|0.000679
4.032765|0.006648
4.045411|0.015042
4.052870|0.034975
4.042468|0.004667
4.052602|0.016656
4.027463|0.002659
4.030836|0.003354
4.039654|0.000257
4.042055|0.003253
4.041776|0.005264
4.039417|0.000317
4.035876|0.000457
4.043867|0.000769
4.028350|0.000558
4.032718|0.006547
4.045365|0.015052
4.052760|0.032894
4.039676|0.004451
4.052496|0.016701
4.027194|0.006459
4.030798|0.007065
4.039340|0.000420
4.042015|0.000907
4.041730|0.004672
4.039381|0.000364
4.035826|0.000350
4.043828|0.000548
4.028305|0.000215
4.032671|0.007441
4.045323|0.012783
4.052667|0.033158
4.035915|0.004765
4.052413|0.016594
4.027037|0.002578
4.030748|0.003592
4.039185|0.000265
4.161777|0.953819
4.162705|0.759019
4.163278|0.434057
4.162252|0.815689
4.163775|0.457290
4.161928|0.759299
4.163169|0.470146
4.162168|0.753202
4.161797|0.678542
4.161033|0.741934
4.162012|0.958403
4.162367|0.445094
4.160843|0.487964
4.160793|0.443197
4.160236|0.329860
4.160512|0.807212
4.160540|0.325944
4.159722|0.256431
4.160687|0.182322
4.157729|0.181505
4.160341|0.196472
4.158649|0.200890
4.158014|0.179668
4.156847|0.245065
4.159519|0.796773
4.159759|0.531131
4.156388|0.141856
4.155633|0.103411
4.155846|0.138764
4.158650|0.745120
4.157373|0.308454
4.155180|0.212348
4.156486|0.243305
4.150609|0.170338
4.158128|0.316710
4.152480|0.331475
4.151342|0.203965
4.149639|0.293282
4.158252|0.813495
4.157985|0.326157
4.147163|0.241441
4.149263|0.128986
4.149109|0.124518
4.156691|0.778904
4.156555|0.333599
4.147614|0.141111
4.145412|0.119862
4.135346|0.092401
4.156512|0.177580
4.137148|0.084842
4.136068|0.067401
4.134105|0.248281
4.157434|0.764380
4.154534|0.398633
4.132324|0.081269
4.131873|0.041350
4.133945|0.097937
4.152999|0.509870
4.150012|0.237376
4.133619|0.050274
4.133435|0.104475
4.119286|0.079767
4.147214|0.155147
4.126471|0.084466
4.125775|0.073891
4.123401|0.272602
4.153953|0.687571
4.142872|0.449450
4.123502|0.130003
4.117524|0.040843
4.122332|0.115875
4.147872|0.591717
4.134493|0.367609
4.123551|0.111961
4.117601|0.063997
4.107600|0.044450
4.128469|0.148145
4.118518|0.044594
4.118041|0.040030
4.115232|0.111319
4.149640|0.514997
4.126020|0.309164
4.115427|0.060510
4.102995|0.014630
4.108479|0.062751
4.142575|0.587891
4.121063|0.240607
4.110507|0.037225
4.107060|0.106307
4.091124|0.056371
4.119980|0.119885
4.108901|0.016732
4.107996|0.015708
4.104053|0.248740
4.146274|0.469348
4.119590|0.334390
4.104586|0.014871
4.079628|0.009395
4.089960|0.020686
4.138211|0.278871
4.115661|0.425778
4.095889|0.018005
4.103692|0.045198
4.077356|0.038369
4.113141|0.056924
4.102814|0.021206
4.102707|0.017352
4.097919|0.092529
4.140931|0.324927
4.110548|0.359188
4.100001|0.008008
4.073848|0.004179
4.083622|0.010922
4.127178|0.199645
4.111370|0.235440
4.091486|0.006182
4.100211|0.032316
4.071555|0.032936
4.103791|0.049675
4.098168|0.007303
4.097930|0.006557
4.091799|0.058459
4.134950|0.398310
4.105378|0.203291
4.094612|0.003033
4.068127|0.001825
4.075171|0.004606
4.122842|0.166899
4.105330|0.231030
4.086367|0.003165
4.096880|0.020209
4.064012|0.029795
4.098368|0.024875
4.093247|0.002842
4.093106|0.002964
4.085790|0.020787
4.125413|0.248283
4.100285|0.266504
4.089497|0.001929
4.063336|0.001719
4.068494|0.002901
4.114977|0.107107
4.100216|0.186216
4.082368|0.001815
4.092682|0.019183
4.058998|0.028979
4.091412|0.013045
4.089353|0.002378
4.089191|0.002415
4.081337|0.013827
4.117695|0.126734
4.095364|0.181213
4.085164|0.002145
4.060211|0.002293
4.063426|0.003157
4.108148|0.070558
4.095127|0.152356
4.079180|0.002139
4.088506|0.027912
4.055392|0.026068
4.086565|0.021838
4.085818|0.002183
4.085604|0.002204
4.077646|0.012613
4.110487|0.183007
4.090014|0.127121
4.081271|0.001030
4.057872|0.000876
4.060044|0.002313
4.100855|0.088699
4.091408|0.113784
4.075585|0.001502
4.084152|0.022229
4.052274|0.022857
4.081465|0.030333
4.081826|0.003544
4.081782|0.002076
4.075957|0.010340
4.105165|0.170684
4.082395|0.094114
4.077744|0.001119
4.056386|0.001175
4.058244|0.001712
4.094660|0.124285
4.089239|0.131900
4.072495|0.001199
4.079852|0.023437
4.050333|0.031977
4.075250|0.013552
4.077754|0.001047
4.077822|0.001102
4.073997|0.011043
4.099002|0.102207
4.077131|0.070811
4.073569|0.000799
4.055230|0.000533
4.056464|0.001158
4.088977|0.038629
4.087770|0.115087
4.068679|0.002230
4.075227|0.019730
4.048649|0.027493
4.069360|0.032584
4.072699|0.001995
4.073243|0.001802
4.072395|0.008871
4.094198|0.064843
4.074204|0.087838
4.069036|0.000918
4.054408|0.000691
4.055251|0.001259
4.084723|0.141346
4.085715|0.140526
4.064848|0.001065
4.070353|0.015457
4.047493|0.032097
4.063834|0.011467
4.066812|0.001297
4.068044|0.001395
4.070464|0.009349
4.089935|0.119518
4.071657|0.060592
4.063567|0.000457
4.053272|0.000409
4.053425|0.000895
4.081382|0.097281
4.084224|0.077073
4.059449|0.000654
4.064654|0.019879
4.045001|0.030074
4.060129|0.016548
4.061031|0.001333
4.063111|0.002024
4.068370|0.011494
4.086001|0.049230
4.069359|0.040630
4.059415|0.000530
4.051780|0.000310
4.051245|0.000971
4.077701|0.055142
4.081915|0.085747
4.056102|0.002840
4.061111|0.015346
4.042384|0.030541
4.057005|0.011740
4.057521|0.000623
4.059609|0.000678
4.066340|0.005970
4.082289|0.018756
4.065512|0.067192
4.056329|0.001272
4.050837|0.000276
4.049823|0.000638
4.074436|0.084209
4.079726|0.039562
4.053819|0.000557
4.057985|0.011281
4.040593|0.030676
4.054784|0.008043
4.054610|0.000441
4.056309|0.000766
4.064371|0.009246
4.078252|0.010888
4.061652|0.042594
4.053295|0.000184
4.049841|0.000162
4.048393|0.000326
4.070251|0.091201
4.077170|0.027523
4.051576|0.000202
4.054099|0.010346
4.035314|0.030445
4.052702|0.009470
4.046808|0.000550
4.047574|0.000851
4.055841|0.004392
4.073899|0.045118
4.059030|0.016398
4.044860|0.000551
4.048800|0.000227
4.046914|0.000637
4.067047|0.049900
4.074616|0.018370
4.049536|0.000379
4.047272|0.005211
4.029049|0.025661
4.050920|0.013450
4.044003|0.000960
4.045493|0.000772
4.054155|0.004465
4.070385|0.006479
4.055957|0.030010
4.043123|0.000112
4.046741|0.000098
4.044997|0.000238
4.062825|0.060808
4.072208|0.015946
4.047534|0.000150
4.045325|0.008195
4.027096|0.029671
4.048585|0.008750
4.042334|0.000410
4.043840|0.000636
4.052334|0.005208
4.066794|0.028473
4.053263|0.014786
4.041807|0.000283
4.045489|0.000104
4.043852|0.000367
4.060851|0.010513
4.070195|0.020232
4.046568|0.001018
4.044093|0.010944
4.025900|0.029611
4.047108|0.013305
4.041500|0.000290
4.043055|0.000199
4.051368|0.002267
4.064219|0.003064
4.050831|0.042397
4.041037|0.000085
4.044870|0.000075
4.043029|0.000154
4.058511|0.036823
4.068610|0.013644
4.045794|0.000143
4.042910|0.007761
4.025085|0.025734
4.045869|0.022181
4.040630|0.000692
4.042205|0.000494
4.049947|0.002575
4.059570|0.002959
4.048734|0.014664
4.040275|0.000082
4.043922|0.000076
4.041729|0.000166
4.056654|0.058125
4.066938|0.013932
4.044493|0.000092
4.042022|0.008333
4.023467|0.029696
4.044713|0.007933
4.039535|0.000422
4.041097|0.000688
4.048368|0.004566
4.053158|0.003936
4.046932|0.009693
4.039032|0.000113
4.041594|0.000091
4.039701|0.000131
4.055408|0.014350
4.064025|0.014815
4.042812|0.000099
4.041210|0.008592
4.022113|0.029517
4.043649|0.011445
4.038652|0.000206
4.040318|0.000212
4.047329|0.003264
4.050249|0.002649
4.045191|0.018770
4.038383|0.000130
4.040631|0.000096
4.038903|0.000237
4.054199|0.004634
4.061624|0.011944
4.042155|0.000163
4.040394|0.009117
4.021588|0.027225
4.042619|0.009430
4.038126|0.000180
4.039835|0.000148
4.046611|0.000989
4.048799|0.002951
4.043719|0.014057
4.037985|0.000072
4.040287|0.000068
4.038522|0.000127
4.053013|0.006437
4.059517|0.012325
4.041760|0.000325
4.039641|0.005885
4.021268|0.021967
4.041807|0.027252
4.037745|0.002516
4.039493|0.001240
4.046074|0.002484
4.047915|0.002747
4.042442|0.014864
4.037697|0.000068
4.040097|0.000069
4.038284|0.000115
4.052227|0.046301
4.057714|0.014268
4.041542|0.000086
4.039073|0.009613
4.021103|0.029939
4.041104|0.008714
4.037469|0.000152
4.039243|0.000242
4.045687|0.001882
4.047207|0.002793
4.041501|0.015410
4.037395|0.000383
4.039903|0.000162
4.037945|0.000472
4.051752|0.003116
4.056379|0.008119
4.041266|0.000444
4.038482|0.006724
4.020857|0.024570
4.040560|0.012680
4.037207|0.000550
4.039011|0.000391
4.045236|0.001935
4.046220|0.002970
4.040719|0.007683
4.037215|0.000098
4.039747|0.000075
4.037704|0.000142
4.050941|0.038590
4.055450|0.010147
4.041077|0.000166
4.038017|0.005363
4.020733|0.025224
4.040119|0.010225
4.036999|0.000742
4.038790|0.000740
4.044802|0.003636
4.045011|0.001587
4.039917|0.008602
4.036963|0.000101
4.039612|0.000079
4.037374|0.000122
4.050427|0.035771
4.054708|0.009487
4.040897|0.000140
4.037550|0.007841
4.020565|0.027650
4.039757|0.005381
4.036715|0.000348
4.038510|0.000538
4.044312|0.004126
4.043677|0.001344
4.039343|0.008789
4.036623|0.000149
4.039464|0.000226
4.037032|0.000389
4.050002|0.019798
4.054125|0.009370
4.040713|0.000170
4.036704|0.008328
4.020418|0.028555
4.039479|0.010112
4.036149|0.000114
4.037902|0.000132
4.043494|0.000996
4.042988|0.001560
4.038942|0.008482
4.035918|0.000121
4.039360|0.000321
4.036835|0.000606
4.049688|0.003798
4.053714|0.009548
4.040586|0.000269
4.035585|0.007291
4.020284|0.027390
4.039230|0.005233
4.035598|0.000173
4.037388|0.000208
4.042881|0.001815
4.042465|0.001673
4.038479|0.008418
4.035576|0.000212
4.039275|0.000448
4.036685|0.001149
4.049309|0.001359
4.053217|0.007605
4.040463|0.000354
4.035092|0.006265
4.020161|0.025899
4.038962|0.005090
4.035368|0.000166
4.037167|0.000144
4.042569|0.000830
4.041925|0.001552
4.037985|0.007040
4.035407|0.000079
4.039206|0.000082
4.036578|0.000257
4.048848|0.001535
4.052746|0.007851
4.040367|0.000110
4.034822|0.006749
4.020091|0.027361
4.038725|0.005120
4.035208|0.000238
4.037007|0.000289
4.042349|0.001218
4.041500|0.000998
4.037548|0.007066
4.035268|0.000294
4.039129|0.000338
4.036477|0.001237
4.048563|0.000867
4.052347|0.006765
4.040259|0.000184
4.034588|0.006006
4.020010|0.026441
4.038526|0.004311
4.035089|0.000265
4.036888|0.000292
4.042167|0.001107
4.041086|0.000901
4.037187|0.007034
4.035164|0.000197
4.039066|0.000154
4.036394|0.000717
4.048286|0.000799
4.052026|0.006223
4.040168|0.000123
4.034414|0.005906
4.019949|0.026958
4.038356|0.004566
4.034982|0.000193
4.036779|0.000219
4.042019|0.000961
4.040682|0.000807
4.036863|0.006515
4.035067|0.000230
4.039009|0.000211
4.036327|0.001150
4.048071|0.000675
4.051746|0.005426
4.040079|0.000193
4.034262|0.004786
4.019888|0.025830
4.038211|0.004530
4.034885|0.000227
4.036683|0.000230
4.041893|0.000901
4.040231|0.000776
4.036568|0.006666
4.034982|0.000176
4.038959|0.000125
4.036268|0.000808
4.047873|0.000706
4.051489|0.005171
4.040005|0.000149
4.034125|0.004836
4.019836|0.025562
4.038078|0.004597
4.034798|0.000265
4.036592|0.000274
4.041783|0.001050
4.039763|0.000709
4.036276|0.006248
4.034904|0.000190
4.038904|0.000157
4.036207|0.000968
4.047711|0.000697
4.051252|0.005215
4.039928|0.000156
4.033996|0.004789
4.019784|0.025953
4.037957|0.004328
4.034717|0.000215
4.036511|0.000238
4.041682|0.000850
4.039315|0.000674
4.035990|0.006514
4.034832|0.000221
4.038854|0.000176
4.036154|0.001180
4.047563|0.000602
4.051040|0.004839
4.039855|0.000148
4.033876|0.004651
4.019740|0.026055
4.037846|0.004287
4.034638|0.000177
4.036432|0.000188
4.041588|0.000702
4.038937|0.000606
4.035697|0.006138
4.034759|0.000188
4.038810|0.000130
4.036103|0.001086
4.047422|0.000504
4.050860|0.004881
4.039786|0.000123
4.033765|0.004280
4.019697|0.026116
4.037746|0.004416
4.034563|0.000154
4.036355|0.000154
4.041502|0.000569
4.038610|0.000581
4.035391|0.006456
4.034693|0.000154
4.038773|0.000117
4.036062|0.001073
4.047294|0.000468
4.050696|0.004781
4.039723|0.000152
4.033661|0.004279
4.019661|0.025301
4.037654|0.004426
4.034494|0.000170
4.036282|0.000164
4.041428|0.000669
4.038342|0.000556
4.035064|0.006334
4.034633|0.000139
4.038737|0.000123
4.036022|0.001078
4.047176|0.000481
4.050558|0.004799
4.039667|0.000170
4.033570|0.004325
4.019627|0.024932
4.037573|0.004629
4.034435|0.000221
4.036221|0.000227
4.041359|0.000781
4.038110|0.000534
4.034705|0.006314
4.034579|0.000176
4.038706|0.000134
4.035986|0.001173
4.047071|0.000495
4.050436|0.004916
4.039616|0.000119
4.033489|0.004423
4.019596|0.025518
4.037496|0.004279
4.034381|0.000184
4.036164|0.000198
4.041295|0.000677
4.037930|0.000498
4.034326|0.006602
4.034531|0.000192
4.038674|0.000132
4.035952|0.001280
4.046974|0.000432
4.050334|0.004599
4.039564|0.000108
4.033420|0.004426
4.019565|0.026017
4.037425|0.004351
4.034333|0.000124
4.036113|0.000129
4.041233|0.000466
4.037774|0.000474
4.033906|0.005926
4.034487|0.000145
4.038644|0.000106
4.035919|0.001147
4.046870|0.000374
4.050234|0.004793
4.039518|0.000112
4.033352|0.004020
4.019536|0.025872
4.037352|0.004467
4.034290|0.000116
4.036066|0.000111
4.041178|0.000410
4.037638|0.000463
4.033432|0.006505
4.034446|0.000113
4.038617|0.000097
4.035889|0.001138
4.046747|0.000356
4.050153|0.004623
4.039476|0.000145
4.033291|0.004269
4.019509|0.024412
4.037265|0.004327
4.034251|0.000188
4.036024|0.000177
4.041127|0.000497
4.037499|0.000445
4.032910|0.006225
4.034411|0.000145
4.038592|0.000133
4.035861|0.001354
4.046581|0.000387
4.050080|0.004728
4.039442|0.000136
4.033238|0.004247
4.019488|0.024711
4.037117|0.004707
4.034217|0.000190
4.035990|0.000195
4.041080|0.000615
4.037313|0.000422
4.032353|0.006146
4.034380|0.000158
4.038570|0.000122
4.143253|0.939004
4.151113|1.167048
4.147840|1.399416
4.152276|1.179700
4.148818|0.869444
4.144451|0.878963
4.150674|0.977673
4.149071|0.830064
4.150395|1.424180
4.148361|0.870487
4.142732|0.628224
4.146096|0.954086
4.148601|1.044528
4.151150|0.935620
4.133950|0.977973
4.139367|0.664317
4.143368|1.128393
4.140777|0.754444
4.137636|0.692087
4.129707|0.561807
4.127537|0.440872
4.124396|0.378934
4.137232|0.812446
4.130916|0.534324
4.130114|0.543239
4.122344|0.356458
4.134873|0.679862
4.132257|0.413232
4.116317|0.539218
4.115953|0.254784
4.130024|0.540222
4.125211|0.292699
4.118162|0.182911
4.112439|0.163548
4.105191|0.055077
4.100543|0.040655
4.118156|0.434342
4.106857|0.163973
4.116673|0.186649
4.091994|0.096009
4.119008|0.336414
4.099960|0.141135
4.097311|0.296698
4.082857|0.103524
4.105285|0.325092
4.112486|0.205366
4.083759|0.148411
4.087391|0.106572
4.070760|0.017460
4.069216|0.031499
4.092550|0.276133
4.082925|0.203945
4.099337|0.178983
4.070854|0.101589
4.105798|0.284616
4.079812|0.106013
4.089160|0.400441
4.071004|0.082810
4.096972|0.682280
4.103694|0.514507
4.075811|0.340389
4.079702|0.088041
4.066184|0.015777
4.065437|0.026307
4.087474|0.306016
4.079726|0.273730
4.092167|0.444863
4.067803|0.089309
4.100840|0.367120
4.076685|0.134455
4.086664|0.328323
4.067347|0.074731
4.091680|0.293379
4.098948|0.408285
4.071374|0.276376
4.075489|0.097627
4.062098|0.013085
4.061211|0.012281
4.080513|0.168608
4.075324|0.138839
4.086398|0.172809
4.062239|0.047799
4.095475|0.139510
4.071032|0.054683
4.083452|0.346743
4.061655|0.055099
4.086906|0.134250
4.090400|0.139514
4.065658|0.118418
4.063247|0.025522
4.057472|0.008298
4.056940|0.003849
4.076158|0.087186
4.072160|0.080671
4.080111|0.136207
4.058799|0.027297
4.080385|0.053716
4.067585|0.035588
4.080853|0.305194
4.058452|0.025803
4.082866|0.078904
4.078361|0.210783
4.063127|0.161666
4.055496|0.021003
4.054767|0.004461
4.054515|0.003048
4.072033|0.079121
4.069207|0.125678
4.059577|0.288047
4.055855|0.036811
4.075478|0.060912
4.064934|0.009826
4.078102|0.367833
4.055430|0.027859
4.078605|0.058854
4.066354|0.091821
4.059439|0.086366
4.044900|0.007459
4.052021|0.003721
4.052009|0.001461
4.067787|0.057799
4.066522|0.073763
4.047783|0.196253
4.053007|0.027594
4.070416|0.038104
4.062079|0.005797
4.073985|0.329624
4.052822|0.016636
4.074768|0.028374
4.061859|0.075348
4.056809|0.068361
4.041896|0.002820
4.050653|0.000724
4.050709|0.000645
4.064810|0.066135
4.064706|0.042356
4.043216|0.050174
4.051697|0.033542
4.067091|0.035631
4.060745|0.002322
4.069539|0.249710
4.051671|0.032028
4.072710|0.041340
4.059820|0.040814
4.055853|0.023095
4.039991|0.001490
4.050051|0.000172
4.050121|0.000167
4.063294|0.063617
4.063275|0.011644
4.041565|0.016349
4.051188|0.031601
4.064878|0.034424
4.058936|0.000883
4.063723|0.243225
4.051148|0.031489
4.067883|0.033808
4.058203|0.010743
4.054724|0.009536
4.038884|0.000559
4.049750|0.000147
4.049808|0.000137
4.059043|0.064496
4.058708|0.005101
4.039472|0.008004
4.050768|0.031392
4.060399|0.032948
4.054078|0.001483
4.059022|0.230178
4.050680|0.031328
4.061786|0.032035
4.057287|0.001281
4.053414|0.001103
4.037982|0.000404
4.049466|0.000138
4.049498|0.000138
4.057900|0.062980
4.056863|0.005262
4.036431|0.004145
4.050488|0.031267
4.058995|0.033261
4.053324|0.000936
4.056757|0.261614
4.050461|0.031206
4.059785|0.032269
4.055997|0.000914
4.051728|0.000753
4.036971|0.000291
4.049308|0.000072
4.049337|0.000062
4.057151|0.062734
4.055015|0.001722
4.033335|0.001888
4.050041|0.031244
4.057653|0.031679
4.052780|0.000504
4.054545|0.191070
4.049906|0.031230
4.057827|0.032028
4.055040|0.000675
4.050261|0.000568
4.036121|0.000213
4.049075|0.000054
4.049102|0.000045
4.056017|0.062584
4.053569|0.000434
4.031044|0.001341
4.049526|0.031150
4.056447|0.031529
4.052375|0.000189
4.052978|0.189845
4.049486|0.031067
4.056385|0.031481
4.054146|0.000441
4.049263|0.000367
4.035395|0.000166
4.048895|0.000037
4.048923|0.000034
4.055463|0.062086
4.052535|0.000354
4.029382|0.000961
4.049273|0.030810
4.055616|0.031383
4.051967|0.000127
4.050268|0.188108
4.049232|0.030316
4.055647|0.031209
4.052865|0.000356
4.048127|0.000306
4.034280|0.000147
4.048265|0.000087
4.048181|0.000123
4.055183|0.057713
4.051126|0.000351
4.027380|0.000820
4.048645|0.023190
4.055048|0.025847
4.051149|0.003221
4.043020|0.178697
4.048607|0.017410
4.055297|0.016179
4.051467|0.000902
4.046866|0.002543
4.033402|0.000981
4.047528|0.000489
4.047527|0.000044
4.054890|0.062107
4.050158|0.000297
4.025972|0.000853
4.048338|0.031294
4.054577|0.031505
4.050735|0.000144
4.041198|0.188661
4.048272|0.031344
4.054829|0.031638
4.050889|0.000588
4.046278|0.000376
4.033003|0.000215
4.047108|0.000048
4.047074|0.000041
4.054522|0.062870
4.049622|0.000466
4.025560|0.001157
4.047751|0.031533
4.054193|0.031785
4.050217|0.000174
4.040570|0.188876
4.047615|0.031448
4.054467|0.031780
4.050535|0.000580
4.045474|0.000360
4.032357|0.000172
4.046235|0.000036
4.046107|0.000030
4.053898|0.062683
4.048919|0.000356
4.025066|0.000822
4.046693|0.031311
4.053827|0.031520
4.049448|0.000118
4.039814|0.188073
4.046676|0.031311
4.054209|0.031585
4.050258|0.000339
4.044554|0.000263
4.031792|0.000135
4.045660|0.000027
4.045681|0.000024
4.053612|0.062629
4.048604|0.000282
4.024651|0.000688
4.046529|0.031291
4.053534|0.031483
4.049220|0.000098
4.039372|0.187939
4.046534|0.031297
4.053946|0.031529
4.050017|0.000283
4.044324|0.000221
4.031569|0.000116
4.045559|0.000023
4.045591|0.000020
4.053464|0.062610
4.048430|0.000243
4.024337|0.000607
4.046459|0.031285
4.053331|0.031455
4.049097|0.000087
4.039020|0.187850
4.046477|0.031290
4.053746|0.031499
4.049854|0.000250
4.044197|0.000194
4.031435|0.000102
4.045518|0.000020
4.045551|0.000018
4.053360|0.062600
4.048305|0.000216
4.024107|0.000551
4.046418|0.031281
4.053168|0.031433
4.049012|0.000079
4.038685|0.187784
4.046439|0.031286
4.053590|0.031477
4.049721|0.000228
4.044100|0.000174
4.031321|0.000091
4.045490|0.000018
4.045522|0.000016
4.053284|0.062592
4.048204|0.000195
4.023928|0.000507
4.046388|0.031278
4.053029|0.031417
4.048948|0.000073
4.038377|0.187731
4.046411|0.031284
4.053464|0.031458
4.049604|0.000209
4.044018|0.000158
4.031219|0.000082
4.045467|0.000017
4.045500|0.000015
4.053223|0.062586
4.048118|0.000178
4.023770|0.000470
4.046364|0.031276
4.052910|0.031404
4.048897|0.000068
4.038088|0.187686
4.046388|0.031281
4.053354|0.031445
4.049511|0.000193
4.043946|0.000146
4.031140|0.000076
4.045448|0.000015
4.045481|0.000014
4.053174|0.062581
4.048041|0.000163
4.023623|0.000439
4.046344|0.031274
4.052820|0.031394
4.048854|0.000063
4.037791|0.187646
4.046369|0.031279
4.053259|0.031433
4.049438|0.000179
4.043880|0.000135
4.031081|0.000070
4.045432|0.000014
4.045465|0.000013
4.053135|0.062576
4.047976|0.000151
4.023488|0.000412
4.046328|0.031273
4.052752|0.031385
4.048818|0.000060
4.037440|0.187609
4.046353|0.031278
4.053182|0.031422
4.049380|0.000168
4.043825|0.000126
4.031034|0.000066
4.045419|0.000013
4.045450|0.000012
4.053102|0.062572
4.047923|0.000141
4.023375|0.000388
4.046313|0.031272
4.052695|0.031378
4.048788|0.000057
4.036998|0.187572
4.046339|0.031276
4.053118|0.031413
4.049330|0.000158
4.043777|0.000118
4.030995|0.000062
4.045406|0.000013
4.045439|0.000011
4.053074|0.062569
4.047878|0.000133
4.023273|0.000366
4.046302|0.031271
4.052649|0.031371
4.048762|0.000054
4.036571|0.187533
4.046328|0.031275
4.053065|0.031405
4.049286|0.000149
4.043736|0.000112
4.030962|0.000058
4.045396|0.000012
4.045428|0.000011
4.053051|0.062566
4.047840|0.000125
4.023175|0.000347
4.046291|0.031270
4.052608|0.031365
4.048738|0.000051
4.036282|0.187487
4.046317|0.031274
4.053017|0.031398
4.049241|0.000141
4.043695|0.000106
4.030933|0.000055
4.045386|0.000011
4.045418|0.000010
4.053028|0.062563
4.047806|0.000119
4.023060|0.000331
4.046281|0.031269
4.052570|0.031359
4.048717|0.000049
4.036092|0.187432
4.046307|0.031273
4.052973|0.031392
4.049181|0.000135
4.043633|0.000101
4.030908|0.000052
4.045377|0.000011
4.045409|0.000010
4.053007|0.062561
4.047775|0.000114
4.022841|0.000317
4.046271|0.031268
4.052536|0.031355
4.048697|0.000047
4.035947|0.187364
4.046297|0.031272
4.052935|0.031386
4.049036|0.000129
4.043468|0.000097
4.030886|0.000050
4.045369|0.000011
4.045401|0.000009
4.052989|0.062559
4.047750|0.000108
4.022267|0.000306
4.046263|0.031267
4.052506|0.031350
4.048682|0.000045
4.035826|0.187272
4.046288|0.031271
4.052901|0.031380
4.048877|0.000124
4.043342|0.000094
4.030866|0.000048
4.045362|0.000010
4.045393|0.000009
4.052972|0.062557
4.047724|0.000104
4.021975|0.000296
4.046255|0.031267
4.052477|0.031346
4.048664|0.000044
4.035718|0.187126
4.046280|0.031270
4.052865|0.031376
4.048793|0.000120
4.043255|0.000091
4.030845|0.000046
4.045355|0.000010
4.045386|0.000009
4.052954|0.062556
4.047698|0.000101
4.021832|0.000286
4.046247|0.031266
4.052449|0.031343
4.048647|0.000043
4.035622|0.186856
4.046272|0.031270
4.052834|0.031372
4.048748|0.000117
4.043211|0.000088
4.030827|0.000044
4.045348|0.000010
4.045379|0.000009
4.052938|0.062555
4.047678|0.000098
4.021742|0.000278
4.046240|0.031266
4.052423|0.031339
4.048635|0.000042
4.035537|0.186202
4.046265|0.031269
4.052805|0.031369
4.048716|0.000115
4.043182|0.000088
4.030810|0.000043
4.045342|0.000010
4.045374|0.000009
4.052925|0.062555
4.047659|0.000096
4.021676|0.000273
4.046233|0.031266
4.052401|0.031337
4.048622|0.000043
4.035463|0.183141
4.046259|0.031270
4.052780|0.031369
4.048692|0.000119
4.043161|0.000092
4.030797|0.000043
4.045338|0.000012
4.045369|0.000010
4.052915|0.062563
4.047645|0.000101
4.021631|0.000281
4.046228|0.031269
4.052386|0.031336
4.048613|0.000049
4.035439|0.121657
4.046258|0.031286
4.052780|0.031418
4.048702|0.000195
4.043175|0.000296
4.030817|0.000078
4.045348|0.000168
4.045382|0.000154
4.052939|0.062792
4.047688|0.000353
4.021720|0.000439
4.046246|0.031383
4.052457|0.031422
4.048650|0.000205
4.035587|0.046107
4.046268|0.031283
4.052805|0.031406
4.048726|0.000158
4.043186|0.000103
4.030836|0.000078
4.045366|0.000031
4.045402|0.000044
4.052990|0.063054
4.047739|0.000715
4.021870|0.000632
4.046277|0.031425
4.052554|0.032489
4.048737|0.000504
4.035835|0.241094
4.046308|0.031356
4.052961|0.031553
4.048807|0.000262
4.043283|0.000340
4.030914|0.000170
4.045414|0.000114
4.045450|0.000115
4.053123|0.063966
4.047866|0.000509
4.021949|0.000479
4.046307|0.031318
4.052674|0.031533
4.048791|0.000304
4.036044|0.220392
4.046331|0.031305
4.053079|0.033064
4.048908|0.000349
4.043333|0.000332
4.030981|0.000170
4.045423|0.000062
4.045461|0.000076
4.053145|0.065524
4.047961|0.001187
4.022173|0.000813
4.046339|0.031356
4.052772|0.031917
4.048884|0.000281
4.036306|0.222280
4.046361|0.031338
4.053186|0.031774
4.048902|0.000411
4.043332|0.000344
4.030982|0.000151
4.045421|0.000038
4.045454|0.000035
4.053134|0.062883
4.047877|0.000372
4.022052|0.000620
4.046317|0.031291
4.052683|0.031569
4.048790|0.000490
4.036091|0.237426
4.046340|0.031294
4.053091|0.031796
4.048840|0.000309
4.043275|0.000231
4.030931|0.000117
4.045395|0.000030
4.045427|0.000028
4.053055|0.062693
4.047805|0.000225
4.021906|0.000465
4.046288|0.031286
4.052590|0.031430
4.048729|0.000125
4.035878|0.166273
4.046314|0.031294
4.052986|0.031443
4.048800|0.000278
4.043232|0.000187
4.030908|0.000112
4.045378|0.000048
4.045412|0.000051
4.053030|0.062656
4.047773|0.000214
4.021852|0.000436
4.046278|0.031319
4.052580|0.031433
4.048717|0.000129
4.035875|0.138756
4.046309|0.031337
4.052959|0.031453
4.048800|0.000309
4.043231|0.000226
4.030905|0.000124
4.045372|0.000077
4.045405|0.000076
4.053016|0.062683
4.047762|0.000238
4.021808|0.000474
4.046271|0.031327
4.052549|0.031433
4.048695|0.000133
4.035771|0.069150
4.046298|0.031322
4.052900|0.031437
4.048751|0.000263
4.043194|0.000184
4.030854|0.000098
4.045357|0.000044
4.045391|0.000039
4.052967|0.062597
4.047708|0.000177
4.021705|0.000398
4.046254|0.031292
4.052469|0.031392
4.048649|0.000069
4.035559|0.064123
4.046281|0.031296
4.052826|0.031413
4.048693|0.000214
4.043156|0.000153
4.030809|0.000084
4.045346|0.000035
4.045381|0.000032
4.052932|0.062587
4.047673|0.000161
4.021643|0.000384
4.046243|0.031289
4.052415|0.031382
4.048618|0.000069
4.035434|0.064393
4.046267|0.031288
4.052755|0.031403
4.048638|0.000180
4.043117|0.000127
4.030761|0.000070
4.045332|0.000020
4.045366|0.000019
4.052876|0.062561
4.047627|0.000143
4.021550|0.000323
4.046227|0.031276
4.052331|0.031372
4.048572|0.000049
4.035303|0.064071
4.046258|0.031285
4.052691|0.031395
4.048628|0.000200
4.043130|0.000167
4.030781|0.000094
4.045343|0.000069
4.045380|0.000075
4.052894|0.062690
4.047706|0.000277
4.021671|0.000480
4.046255|0.031390
4.052416|0.031464
4.048614|0.000232
