4.162911|0.969246
4.163486|0.812249
4.162809|0.883113
4.163119|0.852119
4.163446|0.867492
4.162548|0.808752
4.161688|0.707054
4.161569|0.799265
4.163134|0.945044
4.161828|0.806141
4.161681|0.750518
4.162210|0.787032
4.163986|0.702068
4.161034|0.537637
4.159763|0.561833
4.161516|0.535266
4.161325|0.624857
4.161068|0.492123
4.161664|0.440602
4.160149|0.223889
4.158820|0.109872
4.160206|0.265578
4.161159|0.499761
4.159322|0.351572
4.158874|0.423737
4.160571|0.479887
4.162249|0.874795
4.158661|0.383156
4.158385|0.472792
4.159806|0.683146
4.160584|0.784759
4.159556|0.547146
4.160171|0.686182
4.159001|0.338361
4.157270|0.237941
4.160113|0.574308
4.161082|0.712417
4.157568|0.531738
4.158340|0.455991
4.160765|0.556739
4.161937|0.458191
4.157764|0.359292
4.155878|0.473043
4.157052|0.411170
4.158993|0.550790
4.157244|0.784255
4.157449|0.368791
4.155364|0.335155
4.151685|0.103789
4.158171|0.434554
4.159013|0.535121
4.153398|0.417682
4.153533|0.374264
4.158171|0.572660
4.159872|0.332211
4.152556|0.180044
4.150916|0.291624
4.152643|0.376616
4.157113|0.310710
4.153786|0.362981
4.154088|0.322480
4.150397|0.123020
4.144955|0.037601
4.155545|0.236911
4.156610|0.640516
4.147708|0.315035
4.147422|0.273883
4.155982|0.375937
4.157442|0.176582
4.146705|0.088845
4.144670|0.173591
4.146318|0.317300
4.154520|0.368611
4.149911|0.311558
4.147184|0.213668
4.142461|0.072751
4.135884|0.015015
4.151483|0.192549
4.152871|0.457215
4.139848|0.281941
4.140339|0.157376
4.149845|0.494191
4.153474|0.153756
4.137148|0.020936
4.135065|0.205321
4.134644|0.158517
4.151841|0.142959
4.146126|0.145705
4.137048|0.095633
4.133023|0.029799
4.122657|0.008013
4.148826|0.221551
4.150747|0.429504
4.130055|0.235968
4.131773|0.137961
4.146806|0.268544
4.151442|0.059990
4.125828|0.010847
4.124553|0.131207
4.127207|0.115056
4.149970|0.195926
4.140261|0.213461
4.130252|0.075081
4.122370|0.014769
4.110910|0.003592
4.144389|0.141977
4.148415|0.323360
4.122684|0.254730
4.125924|0.114187
4.141474|0.240200
4.148423|0.033312
4.117549|0.008807
4.116868|0.082582
4.122091|0.074628
4.147398|0.167769
4.132610|0.332368
4.126856|0.053197
4.113843|0.009710
4.103480|0.001892
4.138631|0.083222
4.144715|0.227538
4.118092|0.327948
4.121606|0.071267
4.134850|0.275987
4.145977|0.022896
4.108094|0.008810
4.112072|0.070951
4.119476|0.034317
4.144274|0.204868
4.123256|0.185952
4.124019|0.030931
4.102592|0.011138
4.098772|0.002831
4.127187|0.042907
4.142090|0.232674
4.114950|0.100989
4.117890|0.064089
4.122156|0.260062
4.142114|0.019305
4.091613|0.003266
4.108951|0.069206
4.116382|0.038890
4.140264|0.080393
4.111615|0.364119
4.120767|0.030113
4.090374|0.002795
4.094123|0.001151
4.119653|0.056539
4.137722|0.109321
4.112004|0.122958
4.112604|0.034111
4.115215|0.238369
4.137938|0.023221
4.082451|0.007380
4.105296|0.014692
4.113706|0.029471
4.130991|0.034391
4.105655|0.305949
4.116716|0.025041
4.083388|0.035755
4.089499|0.000706
4.114688|0.041911
4.128556|0.139212
4.107984|0.198892
4.102290|0.027344
4.110855|0.337238
4.133629|0.025634
4.076589|0.007942
4.102335|0.011820
4.110115|0.024497
4.118247|0.029409
4.102026|0.229620
4.111814|0.025423
4.077510|0.000975
4.085958|0.000163
4.110439|0.008949
4.118387|0.097460
4.103024|0.095886
4.092152|0.025874
4.107278|0.288988
4.125459|0.023299
4.070914|0.006564
4.099499|0.004054
4.104345|0.019498
4.106500|0.024810
4.097051|0.194685
4.101614|0.019133
4.070328|0.001858
4.082495|0.000504
4.104959|0.007806
4.111678|0.074774
4.096791|0.195178
4.081489|0.032012
4.101936|0.142868
4.117949|0.005597
4.063728|0.001976
4.095432|0.003336
4.098872|0.021095
4.094265|0.022460
4.091682|0.278049
4.090916|0.020142
4.063966|0.005074
4.077759|0.000418
4.099013|0.005136
4.104948|0.056113
4.090723|0.157309
4.069522|0.025008
4.097011|0.125186
4.109452|0.006346
4.057913|0.000688
4.090804|0.001820
4.092484|0.022750
4.082122|0.022380
4.083028|0.255700
4.080363|0.019735
4.057511|0.001529
4.073220|0.000358
4.092654|0.002865
4.097370|0.052301
4.086389|0.061126
4.062226|0.024456
4.091660|0.049532
4.097041|0.002523
4.053335|0.000291
4.085491|0.000914
4.083778|0.026304
4.076051|0.017243
4.075429|0.251559
4.072895|0.016719
4.051133|0.001159
4.069499|0.000388
4.087243|0.003348
4.088993|0.047791
4.084075|0.054630
4.057240|0.022314
4.086735|0.132412
4.081576|0.003850
4.050221|0.000898
4.082028|0.000874
4.073470|0.024807
4.070282|0.017269
4.071552|0.245628
4.066638|0.016848
4.042141|0.000558
4.066498|0.000143
4.083334|0.002090
4.078701|0.046875
4.081454|0.169535
4.052366|0.022460
4.081944|0.145932
4.066935|0.004114
4.047452|0.000462
4.079216|0.001110
4.066929|0.025099
4.064975|0.019031
4.067942|0.157489
4.062469|0.016442
4.037073|0.000391
4.064009|0.000103
4.079229|0.004177
4.072700|0.041877
4.078756|0.141135
4.048162|0.022705
4.077714|0.063990
4.060347|0.002796
4.045340|0.000486
4.076177|0.000596
4.063093|0.024004
4.060507|0.017652
4.064927|0.043705
4.059144|0.016757
4.033796|0.000956
4.061917|0.000423
4.075495|0.003122
4.069027|0.046672
4.076090|0.072960
4.045471|0.021694
4.074799|0.057267
4.055752|0.003021
4.043376|0.001144
4.071671|0.001107
4.058585|0.022594
4.056971|0.018347
4.063396|0.225060
4.054252|0.016902
4.029081|0.000586
4.054780|0.000220
4.071582|0.003690
4.065187|0.044601
4.071072|0.169610
4.039419|0.022251
4.071643|0.032505
4.052416|0.002428
4.038634|0.000479
4.063967|0.000899
4.054489|0.021763
4.051896|0.017911
4.059284|0.210043
4.050564|0.016692
4.025895|0.000657
4.052394|0.000270
4.062816|0.001070
4.060625|0.042901
4.067660|0.123315
4.035976|0.021867
4.067675|0.023494
4.049009|0.001638
4.037174|0.000377
4.057761|0.000460
4.051705|0.020107
4.049012|0.017559
4.056477|0.159449
4.048144|0.016664
4.023917|0.001098
4.051139|0.000331
4.059192|0.004174
4.058150|0.038662
4.065611|0.050549
4.034367|0.022221
4.064381|0.019222
4.046330|0.001693
4.036114|0.000094
4.055517|0.000390
4.049788|0.027134
4.046971|0.017353
4.054021|0.047483
4.046448|0.017187
4.022485|0.000422
4.050136|0.000080
4.056928|0.003166
4.056101|0.038356
4.064557|0.055184
4.033369|0.021892
4.061940|0.020998
4.045132|0.002246
4.035585|0.000624
4.054100|0.000746
4.048952|0.019976
4.046343|0.016996
4.052933|0.011892
4.045938|0.016765
4.021849|0.001168
4.049537|0.000478
4.055526|0.002868
4.054464|0.036019
4.063500|0.051780
4.032483|0.021820
4.059752|0.018270
4.043941|0.001335
4.034978|0.000161
4.052807|0.000423
4.048041|0.026873
4.045134|0.017442
4.050586|0.011115
4.044705|0.016680
4.021035|0.000154
4.049011|0.000079
4.054095|0.001963
4.052588|0.039774
4.062570|0.055487
4.031775|0.021313
4.057828|0.021067
4.043220|0.001366
4.034700|0.000563
4.051833|0.001343
4.047402|0.021888
4.044607|0.016405
4.049551|0.149112
4.044214|0.016455
4.020773|0.001308
4.048841|0.000509
4.052954|0.003263
4.051202|0.035017
4.061833|0.097517
4.031285|0.023032
4.056259|0.020270
4.042051|0.001451
4.034252|0.000056
4.049962|0.000339
4.046289|0.025485
4.043471|0.017396
4.047490|0.058672
4.042813|0.016568
4.020132|0.000138
4.048435|0.000025
4.050265|0.002939
4.049522|0.046810
4.060958|0.048162
4.030717|0.021279
4.055055|0.018812
4.041021|0.004880
4.033891|0.000527
4.046828|0.000436
4.045387|0.016941
4.042748|0.017429
4.045918|0.037214
4.041723|0.016013
4.019724|0.000771
4.048111|0.000373
4.047740|0.001245
4.048038|0.048034
4.059803|0.047316
4.030199|0.021504
4.053616|0.016781
4.039830|0.000835
4.033599|0.000628
4.045622|0.000660
4.044359|0.016089
4.042073|0.017283
4.044510|0.064162
4.040584|0.015913
4.019413|0.000297
4.047853|0.000145
4.046672|0.000799
4.046595|0.043545
4.058910|0.047333
4.029771|0.021289
4.052504|0.016530
4.038826|0.000481
4.033367|0.000075
4.162295|0.922280
4.163627|1.076029
4.162804|0.922320
4.162895|0.924731
4.163945|0.986619
4.161921|0.936835
4.162321|0.912017
4.162556|0.914337
4.163057|0.930929
4.164301|0.917451
4.161909|0.909832
4.161282|0.842273
4.162357|0.957593
4.161896|0.818813
4.161317|0.812073
4.162304|0.880166
4.161477|0.874405
4.161692|0.919471
4.161642|0.735669
4.159904|0.719087
4.159815|0.599265
4.160180|0.570158
4.160877|0.668847
4.162867|0.698590
4.158670|0.584715
4.158514|0.362506
4.160875|0.671398
4.158248|0.406723
4.158940|0.371590
4.159037|0.416117
4.158566|0.392225
4.158930|0.460039
4.158695|0.442702
4.154770|0.213078
4.155702|0.244027
4.155796|0.245303
4.158157|0.684310
4.161455|0.661388
4.152182|0.379994
4.153664|0.215304
4.159801|0.725567
4.148827|0.148894
4.154048|0.491868
4.151095|0.788839
4.151893|0.684188
4.150544|0.623564
4.155904|0.614704
4.140007|0.343156
4.150447|0.249311
4.151083|0.281730
4.155829|0.424103
4.160110|0.497259
4.141544|0.316766
4.149375|0.282473
4.159349|0.510821
4.137795|0.097134
4.149917|0.194774
4.141747|0.359271
4.147209|0.332884
4.144128|0.349907
4.152187|0.433590
4.132944|0.194314
4.145299|0.073251
4.145539|0.128813
4.150233|0.322231
4.158472|0.397581
4.133797|0.245227
4.142614|0.124114
4.158196|0.397472
4.130753|0.141591
4.143772|0.217592
4.137559|0.404179
4.138741|0.317053
4.142599|0.371721
4.146207|0.371654
4.125367|0.179354
4.136116|0.123838
4.135695|0.131441
4.144792|0.487948
4.155332|0.498121
4.128946|0.206007
4.132213|0.073022
4.154105|0.360501
4.112304|0.025158
4.133879|0.104602
4.130941|0.255558
4.130226|0.192478
4.136978|0.205909
4.135841|0.237901
4.118201|0.071790
4.127569|0.066643
4.127798|0.077068
4.137891|0.277462
4.148812|0.378828
4.122114|0.089017
4.125753|0.081197
4.149183|0.309327
4.106249|0.009509
4.127584|0.163989
4.125658|0.289515
4.125069|0.250755
4.133443|0.196981
4.130712|0.158389
4.113433|0.048586
4.122375|0.019003
4.123965|0.037644
4.133949|0.219515
4.145723|0.579521
4.117099|0.092316
4.120726|0.024379
4.145490|0.242630
4.100867|0.015698
4.121687|0.119542
4.121476|0.104947
4.119481|0.114207
4.129665|0.217974
4.123080|0.041498
4.106758|0.103387
4.114152|0.006986
4.115790|0.012265
4.125483|0.080552
4.137049|0.281571
4.108508|0.091930
4.111917|0.008092
4.136897|0.129420
4.092023|0.004156
4.111849|0.012958
4.114799|0.051437
4.109097|0.075498
4.123554|0.111593
4.114018|0.016999
4.097487|0.050225
4.103988|0.001091
4.106518|0.003677
4.117944|0.401229
4.132390|0.727797
4.101562|0.043499
4.101949|0.006888
4.130711|0.206970
4.078936|0.001801
4.102071|0.096406
4.109897|0.038368
4.099453|0.027081
4.117104|0.094974
4.106250|0.006606
4.084454|0.031247
4.089287|0.002134
4.090659|0.002643
4.112823|0.340187
4.126643|0.614268
4.096320|0.042993
4.084334|0.011599
4.118239|0.066961
4.039986|0.001155
4.082499|0.030461
4.106488|0.098335
4.084602|0.036076
4.108209|0.062369
4.097747|0.082520
4.071426|0.036215
4.078375|0.002179
4.082720|0.008922
4.109471|0.283291
4.121919|0.555344
4.091890|0.049997
4.077437|0.001270
4.107874|0.047551
4.030836|0.000724
4.072864|0.007489
4.103080|0.051756
4.079346|0.038178
4.104105|0.039903
4.089976|0.040179
4.066121|0.034077
4.071845|0.000556
4.077327|0.033694
4.104139|0.308649
4.118577|0.408541
4.085776|0.036501
4.071606|0.003611
4.103968|0.055716
4.024419|0.002646
4.069233|0.007599
4.100718|0.134470
4.076209|0.098710
4.101546|0.057295
4.084428|0.072224
4.062489|0.037182
4.067271|0.002163
4.073263|0.013155
4.098842|0.242560
4.116282|0.607465
4.079221|0.060448
4.067480|0.002762
4.099222|0.057244
4.021871|0.000572
4.065065|0.007654
4.093863|0.128085
4.069894|0.131474
4.096513|0.043005
4.072595|0.030803
4.059437|0.040959
4.063155|0.000353
4.069054|0.003462
4.087310|0.076446
4.112723|0.393410
4.067920|0.030936
4.063552|0.001542
4.095108|0.037841
4.019470|0.003271
4.059958|0.005333
4.083513|0.022988
4.062383|0.020042
4.091458|0.025643
4.064693|0.003490
4.056436|0.031823
4.060225|0.000632
4.065465|0.001317
4.081915|0.114796
4.109331|0.454682
4.062193|0.036227
4.060033|0.003075
4.090814|0.044281
4.017164|0.001534
4.056281|0.002699
4.078565|0.038108
4.059466|0.035486
4.085089|0.035944
4.060269|0.004740
4.052758|0.033011
4.056895|0.001026
4.061691|0.000971
4.078691|0.053149
4.105491|0.197599
4.057244|0.032755
4.056365|0.002673
4.085483|0.034682
4.015063|0.000618
4.051246|0.001094
4.073803|0.033629
4.056494|0.032022
4.079144|0.039778
4.056720|0.004127
4.048856|0.035524
4.054346|0.001427
4.058856|0.001855
4.076906|0.117820
4.102253|0.321457
4.054176|0.035909
4.053280|0.000446
4.080301|0.033747
4.013133|0.000155
4.047328|0.000588
4.071042|0.032968
4.053078|0.032093
4.074805|0.033072
4.054333|0.003775
4.046133|0.031777
4.052124|0.000340
4.056775|0.000850
4.075233|0.063876
4.095518|0.269201
4.051888|0.034056
4.050618|0.001310
4.075537|0.033683
4.011477|0.000090
4.044124|0.001029
4.068467|0.032080
4.049200|0.031655
4.070909|0.032302
4.051796|0.001203
4.043725|0.031728
4.049963|0.000273
4.054317|0.000412
4.073029|0.062416
4.087737|0.259801
4.049494|0.031805
4.047557|0.000203
4.070633|0.031953
4.009594|0.000071
4.040752|0.000132
4.065454|0.031622
4.045424|0.031504
4.067091|0.031819
4.049232|0.000379
4.041542|0.031434
4.048017|0.000250
4.051982|0.000279
4.070705|0.057912
4.083549|0.210906
4.047457|0.035703
4.045341|0.000108
4.066913|0.035331
4.008362|0.000033
4.038446|0.000081
4.062855|0.032101
4.042853|0.031443
4.064204|0.031665
4.047330|0.000224
4.040076|0.031374
4.046802|0.000107
4.050344|0.000124
4.068311|0.058565
4.080110|0.184081
4.046042|0.031524
4.044079|0.000149
4.064498|0.031870
4.007761|0.000158
4.037257|0.000173
4.060600|0.031849
4.041366|0.031643
4.061551|0.031961
4.045753|0.000209
4.038456|0.031387
4.045751|0.000081
4.048775|0.000108
4.065062|0.031764
4.076229|0.191400
4.044368|0.031427
4.042673|0.000057
4.059671|0.031782
4.006751|0.000025
4.035805|0.000064
4.058139|0.031500
4.039571|0.031505
4.055392|0.031571
4.044053|0.000199
4.036387|0.031362
4.044501|0.000052
4.047270|0.000092
4.061461|0.031456
4.072705|0.141974
4.043006|0.031441
4.041331|0.000049
4.054143|0.031622
4.005615|0.000018
4.034285|0.000056
4.056029|0.031477
4.038126|0.031426
4.052104|0.031528
4.042570|0.000144
4.034515|0.031343
4.043504|0.000037
4.046120|0.000068
4.059052|0.031739
4.070133|0.044128
4.041557|0.031402
4.040317|0.000037
4.052229|0.031572
4.004876|0.000012
4.032927|0.000049
4.053516|0.031424
4.037026|0.031409
4.049410|0.031481
4.041348|0.000135
4.031746|0.031325
4.042842|0.000059
4.045182|0.000089
4.057654|0.031939
4.068577|0.154918
4.038519|0.031391
4.039647|0.000041
4.050910|0.031544
4.004495|0.000012
4.031830|0.000041
4.050309|0.031408
4.036257|0.031384
4.046563|0.031454
4.040282|0.000108
4.029850|0.031317
4.042286|0.000032
4.044331|0.000055
4.056610|0.031389
4.067422|0.036628
4.037359|0.031390
4.039151|0.000060
4.049889|0.031553
4.004357|0.000038
4.031021|0.000095
4.049758|0.031841
4.036117|0.031673
4.046136|0.031719
4.039864|0.000911
4.029809|0.031521
4.042231|0.000246
4.044262|0.000431
4.056652|0.095070
4.067926|0.316248
4.037142|0.031482
4.038960|0.000047
4.048916|0.031753
4.004196|0.000015
4.029801|0.000073
4.049182|0.031502
4.035699|0.031442
4.044787|0.031637
4.038821|0.000149
4.029177|0.031418
4.041693|0.000106
4.043604|0.000176
4.055768|0.091845
4.066934|0.244713
4.036436|0.031539
4.038373|0.000136
4.047585|0.031663
4.003890|0.000018
4.028732|0.000159
4.048592|0.031444
4.035207|0.031469
4.043922|0.031588
4.037819|0.000295
4.028775|0.031342
4.041174|0.000164
4.042979|0.000218
4.055059|0.035912
4.066415|0.051554
4.035850|0.031621
4.037971|0.000261
4.046875|0.032083
4.003695|0.000072
4.162163|0.953528
4.163568|1.102795
4.163551|0.948706
4.163771|0.851755
4.163265|0.913731
4.161773|0.981126
4.163194|1.119341
4.163403|0.934392
4.163501|0.906824
4.163424|0.933349
4.162387|0.971906
4.162261|0.856853
4.162810|0.835434
4.163884|0.997659
4.161659|0.872415
4.162031|0.879010
4.161985|0.791427
4.161767|0.706546
4.161968|0.712611
4.160703|0.648368
4.161135|0.639124
4.162131|0.599717
4.161542|0.556558
4.161288|0.479089
4.160800|0.356465
4.159955|0.284890
4.160674|0.230856
4.162746|0.642294
4.159595|0.346123
4.161414|0.462046
4.159273|0.234881
4.158017|0.231707
4.160862|0.163313
4.159020|0.271135
4.158174|0.586095
4.160978|0.308094
4.159436|0.585256
4.158682|0.330429
4.159471|0.325519
4.157502|0.330745
4.158824|0.258705
4.161655|0.915999
4.158078|0.443456
4.159732|0.535503
4.157631|0.292342
4.155134|0.383937
4.159473|0.255362
4.157437|0.171883
4.155447|0.569834
4.159756|0.312140
4.157255|0.243409
4.155375|0.374095
4.157838|0.291288
4.153203|0.210574
4.154605|0.264209
4.157281|1.150159
4.156021|0.227449
4.159606|0.567330
4.155067|0.448046
4.147892|0.378829
4.157478|0.143570
4.155054|0.268861
4.151043|0.372659
4.158806|0.504770
4.155362|0.388700
4.152061|0.300932
4.156797|0.319576
4.149600|0.319865
4.151315|0.262131
4.154809|0.873422
4.153930|0.387558
4.158169|0.533070
4.154225|0.319496
4.145429|0.210760
4.154741|0.237398
4.150630|0.202990
4.148808|0.207296
4.157323|0.192726
4.150932|0.154595
4.149647|0.111501
4.153963|0.073254
4.143011|0.046996
4.148193|0.043607
4.151992|0.660684
4.145915|0.112423
4.156899|0.357026
4.149471|0.182996
4.136828|0.029081
4.145537|0.054548
4.135287|0.019093
4.140353|0.034628
4.153980|0.103726
4.139617|0.074108
4.141141|0.058979
4.146706|0.018628
4.128278|0.033442
4.137541|0.012661
4.140566|0.522372
4.133168|0.167120
4.152838|0.398166
4.140118|0.083411
4.114626|0.008913
4.134437|0.010812
4.122766|0.004430
4.124972|0.015653
4.146979|0.047370
4.127543|0.047661
4.128798|0.048140
4.133739|0.005562
4.113142|0.003092
4.123647|0.005805
4.131906|0.742103
4.121168|0.105936
4.144480|0.451489
4.130185|0.040402
4.101696|0.010702
4.120555|0.011387
4.112119|0.003963
4.116219|0.013479
4.136496|0.031807
4.118431|0.016178
4.120669|0.034241
4.121852|0.005239
4.103103|0.052849
4.112990|0.004207
4.129584|0.779720
4.109262|0.051143
4.136172|0.319729
4.123574|0.142505
4.094255|0.004466
4.103148|0.059179
4.087996|0.056763
4.110187|0.011166
4.127357|0.065448
4.102372|0.040070
4.115161|0.022451
4.112101|0.005588
4.087779|0.089134
4.104102|0.004838
4.125852|0.523864
4.094321|0.140127
4.126626|0.281957
4.117696|0.131406
4.087828|0.004176
4.085768|0.008301
4.074603|0.007952
4.105237|0.006032
4.115771|0.017104
4.094809|0.015073
4.110339|0.023029
4.101913|0.004567
4.081264|0.003505
4.095987|0.002301
4.123319|0.614538
4.086515|0.094686
4.121205|0.271359
4.112332|0.101200
4.083320|0.003651
4.077250|0.009676
4.067312|0.002971
4.100452|0.006992
4.108968|0.069111
4.089081|0.039659
4.104433|0.016651
4.097029|0.005091
4.076172|0.002815
4.092118|0.004048
4.120841|0.892073
4.081325|0.093431
4.118068|0.257530
4.107553|0.176191
4.079568|0.005201
4.071617|0.005515
4.060756|0.003514
4.096170|0.007503
4.102927|0.063135
4.083858|0.023325
4.100023|0.021909
4.092452|0.003164
4.071026|0.004187
4.088231|0.003876
4.119242|0.920246
4.076489|0.086103
4.115038|0.205418
4.103816|0.135863
4.076536|0.002166
4.065593|0.003767
4.054981|0.001591
4.093198|0.008439
4.098439|0.098478
4.080264|0.100539
4.096143|0.099278
4.088166|0.002549
4.067039|0.001551
4.084577|0.002159
4.117411|0.796993
4.072348|0.086110
4.111777|0.249700
4.099698|0.075036
4.073643|0.001613
4.061465|0.001936
4.050586|0.000882
4.090055|0.004275
4.094426|0.064451
4.076100|0.053535
4.092209|0.020391
4.085227|0.001623
4.064054|0.001497
4.082316|0.002013
4.116245|0.650737
4.069209|0.055822
4.109502|0.110973
4.096716|0.014961
4.071282|0.002316
4.058850|0.001685
4.047213|0.001071
4.087280|0.001930
4.091794|0.003564
4.073015|0.003476
4.088820|0.002990
4.083196|0.001348
4.061313|0.000922
4.080343|0.001175
4.113996|0.418568
4.066401|0.055540
4.108029|0.215834
4.092948|0.002639
4.069085|0.000932
4.056410|0.023215
4.044124|0.001476
4.084892|0.003276
4.088265|0.003107
4.069090|0.003330
4.084423|0.002086
4.081122|0.001978
4.058688|0.000891
4.078501|0.001381
4.111553|0.374682
4.063746|0.105482
4.106679|0.127649
4.087852|0.001033
4.066708|0.000499
4.054035|0.000797
4.041063|0.000359
4.081994|0.000835
4.083262|0.002394
4.063744|0.001872
4.076806|0.002172
4.078140|0.000938
4.055874|0.000805
4.076117|0.001243
4.108519|0.367068
4.059985|0.064778
4.104905|0.151888
4.076842|0.001188
4.064500|0.000859
4.049967|0.001380
4.038455|0.000596
4.077353|0.000883
4.073369|0.002238
4.056773|0.001731
4.060861|0.001390
4.074304|0.001012
4.053823|0.000981
4.074191|0.001374
4.105603|0.426330
4.056295|0.058307
4.102445|0.267400
4.068033|0.001088
4.062426|0.000689
4.046293|0.001327
4.036366|0.000447
4.073925|0.000778
4.066198|0.001519
4.051634|0.001242
4.052362|0.001782
4.071088|0.000718
4.051281|0.000498
4.070090|0.001189
4.098894|0.323338
4.053397|0.038057
4.096789|0.142475
4.063148|0.000926
4.059682|0.000632
4.042770|0.005072
4.034349|0.000786
4.071235|0.002696
4.061585|0.001620
4.047750|0.001541
4.047472|0.001156
4.068682|0.000901
4.049633|0.000530
4.067617|0.000675
4.093665|0.341520
4.051025|0.062963
4.089083|0.100898
4.059955|0.000837
4.057947|0.000456
4.040667|0.000597
4.032444|0.000434
4.069321|0.000512
4.058643|0.000957
4.044709|0.000933
4.044022|0.000703
4.067369|0.000463
4.048073|0.000291
4.066185|0.000449
4.087720|0.260328
4.049486|0.062552
4.082514|0.076037
4.057864|0.000501
4.056770|0.000299
4.039091|0.000275
4.030835|0.000186
4.067760|0.000331
4.056609|0.000627
4.042688|0.000675
4.041681|0.000505
4.066285|0.000327
4.046708|0.000177
4.064914|0.000293
4.074084|0.226418
4.047989|0.062210
4.079632|0.064947
4.056431|0.000457
4.055964|0.000257
4.037455|0.000231
4.029076|0.000166
4.066781|0.000383
4.054780|0.000629
4.041100|0.000675
4.039949|0.000642
4.065452|0.000392
4.045475|0.000240
4.063810|0.000363
4.059683|0.326223
4.046344|0.062855
4.077374|0.100616
4.055439|0.000271
4.055298|0.000157
4.035817|0.000195
4.027436|0.000135
4.065930|0.000166
4.053190|0.000380
4.039946|0.000366
4.038542|0.000276
4.064819|0.000320
4.044583|0.000149
4.062544|0.000385
4.053912|0.292551
4.045154|0.058571
4.074547|0.061523
4.054796|0.000316
4.054910|0.000201
4.034100|0.000321
4.026558|0.000184
4.065303|0.000338
4.051393|0.000447
4.039014|0.000558
4.036731|0.000460
4.064133|0.000309
4.044077|0.000133
4.060967|0.000239
4.049081|0.237227
4.044152|0.032772
4.070667|0.032949
4.053830|0.000277
4.054608|0.000191
4.032205|0.016460
4.026047|0.000150
4.063950|0.020851
4.050009|0.000936
4.036688|0.009249
4.035468|0.000987
4.059059|0.000181
4.043755|0.000113
4.060151|0.000210
4.045556|0.293469
4.037070|0.059113
4.068362|0.018666
4.046979|0.000189
4.054449|0.000142
4.024759|0.000222
4.025700|0.000179
4.057239|0.000146
4.049314|0.000443
4.030715|0.000294
4.034841|0.000277
4.055791|0.000154
4.043468|0.000124
4.059374|0.000174
4.042799|0.236586
4.035401|0.058050
4.066431|0.016161
4.046011|0.000199
4.054197|0.000126
4.023628|0.000191
4.025346|0.000174
4.056700|0.000141
4.048098|0.000345
4.029972|0.000272
4.034104|0.000232
4.054803|0.000138
4.043188|0.000121
4.058440|0.000171
4.040529|0.215228
4.034635|0.039792
4.064395|0.014848
4.045539|0.000138
4.054008|0.000091
4.022728|0.002273
4.025079|0.000084
4.056375|0.000104
4.047231|0.000411
4.029510|0.000215
4.033553|0.002868
4.054234|0.000101
4.042974|0.000075
4.057898|0.000141
4.038633|0.208437
4.129833|1.037257
4.139511|1.283894
4.142107|1.323942
4.145679|0.768852
4.140263|1.170088
4.137671|0.992594
4.130572|0.750838
4.139503|0.786447
4.143987|0.984500
4.140676|0.732021
4.140600|0.736959
4.139627|0.822066
4.134706|0.815541
4.143812|0.655599
4.125811|0.736985
4.136260|0.757995
4.137028|0.601608
4.143026|0.642886
4.134877|0.546554
4.128765|0.459807
4.122287|0.593452
4.129794|0.530429
4.139295|0.700162
4.130879|0.410421
4.131546|0.463945
4.126903|0.303563
4.119472|0.362104
4.134328|0.178447
4.113111|0.262795
4.124461|0.245602
4.118907|0.175333
4.134840|0.199589
4.119843|0.204662
4.098334|0.118500
4.102044|0.095106
4.111659|0.084386
4.128936|0.446037
4.112527|0.039736
4.111935|0.121005
4.107193|0.076151
4.098083|0.113045
4.109978|0.031606
4.091327|0.103752
4.100278|0.058264
4.097909|0.042061
4.122724|0.201023
4.090829|0.091600
4.083732|0.040210
4.085598|0.052587
4.090375|0.089335
4.115880|0.362174
4.092598|0.008893
4.086593|0.110719
4.090502|0.039459
4.079691|0.061047
4.092414|0.006548
4.074195|0.068837
4.082118|0.076212
4.085275|0.055101
4.113164|0.165805
4.078146|0.074349
4.074535|0.032472
4.073785|0.045996
4.076451|0.033185
4.107160|0.494365
4.077265|0.006139
4.075671|0.066361
4.076241|0.041114
4.066427|0.072155
4.064164|0.003512
4.054072|0.040680
4.070941|0.040655
4.077433|0.038382
4.093590|0.209012
4.068352|0.027834
4.068371|0.030569
4.054900|0.038984
4.054898|0.022281
4.097238|0.420896
4.051184|0.017156
4.064687|0.025591
4.064093|0.024358
4.053680|0.033530
4.053780|0.008097
4.042943|0.027090
4.058623|0.023684
4.071172|0.022846
4.086727|0.250934
4.058553|0.020977
4.060288|0.020147
4.048711|0.024312
4.044054|0.013764
4.089025|0.250805
4.044896|0.011962
4.058006|0.021987
4.059227|0.023889
4.048065|0.038065
4.049141|0.006290
4.037327|0.023462
4.052181|0.020259
4.066485|0.020117
4.081665|0.220627
4.053307|0.019294
4.055541|0.018215
4.044184|0.022944
4.039011|0.012594
4.084492|0.216294
4.040478|0.009868
4.054409|0.020541
4.055051|0.019148
4.043360|0.030796
4.045079|0.005982
4.033985|0.022342
4.048133|0.018354
4.063536|0.026930
4.078115|0.205180
4.050221|0.018201
4.052527|0.017872
4.041037|0.024195
4.036232|0.014761
4.081810|0.263384
4.038062|0.010070
4.052569|0.018933
4.052138|0.019217
4.040402|0.031498
4.043006|0.004132
4.031997|0.022848
4.045938|0.020906
4.061092|0.020147
4.073732|0.166010
4.047462|0.019203
4.049942|0.019153
4.038537|0.024652
4.034423|0.013120
4.078457|0.215829
4.036825|0.011153
4.051412|0.018421
4.050123|0.148055
4.038439|0.157542
4.042330|0.005773
4.031412|0.023721
4.045043|0.021451
4.059653|0.144462
4.068021|0.150288
4.046172|0.018846
4.048631|0.268238
4.037105|0.148806
4.034041|0.012228
4.076359|0.120816
4.036178|0.006312
4.050434|0.019619
4.047747|0.145908
4.035382|0.158998
4.041211|0.003016
4.030486|0.022785
4.043622|0.022111
4.056374|0.146649
4.061240|0.111955
4.044145|0.019378
4.043806|0.269119
4.033693|0.148943
4.033057|0.013204
4.074614|0.265579
4.035085|0.010383
4.049007|0.022158
4.044584|0.147674
4.031912|0.155246
4.040168|0.003818
4.029498|0.022357
4.041933|0.019415
4.053290|0.143749
4.056697|0.079017
4.042192|0.018449
4.041183|0.259045
4.032008|0.128119
4.032048|0.011409
4.072393|0.145188
4.034472|0.005693
4.045835|0.018401
4.043726|0.113824
4.026257|0.122753
4.039696|0.002145
4.028886|0.021524
4.034382|0.017399
4.045243|0.110511
4.053189|0.123012
4.034364|0.017292
4.040628|0.201997
4.031465|0.113881
4.031586|0.012977
4.070763|0.067310
4.033957|0.005686
4.038874|0.018401
4.043163|0.047391
4.021474|0.036336
4.039393|0.004790
4.028805|0.025861
4.032329|0.022835
4.043763|0.083874
4.052181|0.094197
4.032888|0.017815
4.041077|0.142815
4.031475|0.086661
4.031477|0.014916
4.069738|0.135141
4.033575|0.011363
4.037477|0.021449
4.042792|0.084427
4.019838|0.093187
4.038522|0.003973
4.028080|0.021991
4.029831|0.017825
4.041507|0.080677
4.049931|0.099608
4.030951|0.017222
4.039735|0.142086
4.030135|0.084186
4.030435|0.008286
4.068073|0.116381
4.032452|0.005019
4.035341|0.017692
4.041456|0.080908
4.017586|0.089950
4.037702|0.002215
4.027300|0.021366
4.028049|0.017241
4.039677|0.079032
4.047510|0.085960
4.029676|0.016715
4.038534|0.141344
4.029138|0.086000
4.029728|0.012996
4.066068|0.107909
4.031859|0.007686
4.034411|0.016141
4.040475|0.079554
4.016161|0.087124
4.037282|0.002267
4.026706|0.022155
4.027005|0.017239
4.038541|0.078494
4.046159|0.070227
4.028811|0.017027
4.037189|0.141272
4.028275|0.083938
4.029155|0.006515
4.064230|0.103943
4.031434|0.002851
4.033760|0.016957
4.039680|0.081615
4.015024|0.087914
4.037033|0.001564
4.026131|0.022464
4.026184|0.017238
4.037694|0.078806
4.044739|0.059057
4.028183|0.016804
4.036287|0.140667
4.027787|0.086902
4.028657|0.013164
4.062513|0.107855
4.031098|0.004834
4.033181|0.016125
4.039321|0.079846
4.014244|0.082750
4.036856|0.001079
4.025616|0.021976
4.025482|0.016579
4.037256|0.050451
4.043590|0.059995
4.027747|0.016807
4.035811|0.076443
4.027546|0.050863
4.028388|0.008288
4.061474|0.088077
4.030959|0.005883
4.032958|0.016629
4.039136|0.042496
4.013884|0.043929
4.036812|0.001472
4.025411|0.041714
4.025175|0.022939
4.037045|0.016633
4.042826|0.038676
4.027541|0.016643
4.035578|0.017358
4.027494|0.024938
4.028352|0.013842
4.060304|0.113549
4.030948|0.011081
4.032890|0.016738
4.039078|0.018222
4.013731|0.027295
4.036825|0.004058
4.025342|0.021649
4.025054|0.016963
4.036928|0.016342
4.042175|0.044582
4.027323|0.016350
4.035328|0.016555
4.027236|0.021413
4.028093|0.005633
4.058521|0.112654
4.030705|0.002979
4.032534|0.016808
4.038784|0.019485
4.013286|0.026279
4.036653|0.001529
4.025058|0.021143
4.024641|0.016219
4.036609|0.016155
4.041181|0.025874
4.026992|0.016212
4.035025|0.016193
4.027038|0.023281
4.027867|0.010435
4.051808|0.109934
4.030496|0.004055
4.032329|0.016016
4.038635|0.018385
4.013002|0.024385
4.036573|0.000921
4.024817|0.021575
4.024346|0.016014
4.036459|0.016007
4.040548|0.024601
4.026766|0.016247
4.034801|0.016203
4.026946|0.022288
4.027676|0.006445
4.047019|0.085003
4.030318|0.001760
4.032157|0.016171
4.038542|0.019582
4.012792|0.024414
4.036511|0.000887
4.024590|0.021222
4.024099|0.016781
4.036316|0.016665
4.039909|0.055367
4.026608|0.016565
4.034637|0.016500
4.026859|0.023149
4.027567|0.006966
4.046160|0.049451
4.030238|0.001596
4.032056|0.016253
4.038480|0.020671
4.012670|0.024983
4.036480|0.000636
4.024509|0.021726
4.023989|0.016224
4.036245|0.016221
4.039402|0.034862
4.026522|0.016433
4.034551|0.016370
4.026825|0.023824
4.027514|0.008216
4.045431|0.110455
4.030167|0.001880
4.031960|0.016004
4.038401|0.020056
4.012506|0.024526
4.036435|0.000642
4.024402|0.022251
4.023829|0.016186
4.036173|0.016488
4.038710|0.027284
4.026412|0.016353
4.034412|0.016344
4.026750|0.023337
4.027421|0.007589
4.044638|0.048515
4.030114|0.002418
4.031905|0.015942
4.038334|0.019282
4.012382|0.023804
4.036396|0.000830
4.024294|0.021494
4.023701|0.016028
4.036022|0.016164
4.037838|0.024154
4.026287|0.016269
4.034215|0.016162
4.026616|0.022206
4.027318|0.005815
4.043696|0.045033
4.030025|0.001344
4.031814|0.016097
4.038205|0.019669
4.012224|0.023966
4.036353|0.000543
4.024205|0.021889
4.023592|0.016217
4.035854|0.016032
4.037223|0.018069
4.026184|0.016464
4.033930|0.016354
4.026457|0.023446
4.027238|0.007289
4.042955|0.037585
4.029946|0.001702
4.031750|0.015888
4.038054|0.020443
4.012044|0.024347
4.036315|0.000520
4.024127|0.023721
4.023476|0.017335
4.035721|0.016080
4.036859|0.038218
4.026079|0.017067
4.033765|0.016330
4.026365|0.021822
4.027157|0.005216
4.042381|0.034056
4.029866|0.001360
4.031691|0.015946
4.037984|0.019266
4.011961|0.023719
4.036287|0.000495
